(all are block #, starting from 1):
3 34
5 36
7 38
9 40
11 42
13 44
19 50
21 52
23 54
25 56
27 58
29 60
30 46

(all are block #, starting from 0):
2 33
4 35
6 37
8 39
10 41
12 43
18 49
20 51
22 53
24 55
26 57
28 59
29 45


0 1 33 3 35 5 37 7 39 9 41 11 43 13 14 (15 missing) 
16 17 49 19 51 21 53 23 55 
25 57 27 59 45 30 (31 missing) 32 2 34 4 36 6 38 8 
40 10 42 12 44 29 46 
(47 missing) 48 18 50 20 52 22 54 24 56 26 58 28 60 to 79 

0 1 
33 
3 
35 
5 
37 
7 
39 
9 
41 
11 
43 
13 14 (15 missing) 16 17 
49 
19 
51 
21 
53 
23 
55 
25 
57 
27 
59 
45 
30 (31 missing) 32 
2 
34 
4 
36 
6 
38 
8 
40 
10 
42 
12 
44 
29 
46 (47 missing) 
48 
18 
50 
20 
52 
22 
54 
24 
56 
26 
58 
28 
60 to 79 






 1 2 3 4 5 6 7 8 9 10 11 12 13 14 15 16 17 18 19 20 21 22 23 24
  25 26 27 28 29 30 31 32 33 34 35 36 37 38 39 40 41 42 43 44 45 46 47 48
 49 50 51 52 53 54 55 56 57 58 59 60 61 62 63 64 65 66 67 68 69 70 71 72 73
  74 75 76 77 78 79 80




- 1 2 34 4 36 6 38 8 40 10 42 12 44 14 15 16 17 18 50 20 52 22 54 24
-  56 26 58 28 60 46 31 32 33 3 35 5 37 7 39 9 41 11 43 13 45 30 47 48
- 49 19 51 21 53 23 55 25 57 27 59 29 61 62 63 64 65 66 67 68 69 70 71 72 73
-  74 75 76 77 78 79 80