############ LEFT VDC #########################
No of Crate, Slot, First, Last chans
[ L.vdc.u1 ]
3       7       0      95                  U1: u1cr1, u1sl1, u1cf1, u1cl1
3       8       0      95                  ~~~ u1cr2, u1sl2, u1cf2, u1cl2
3       9       0      95                      u1cr3, u1sl3, u1cf3, u1cl3
3       10      0      79                      u1cr4, u1sl4, u1cf4, u1cl4
0.0  0.77852 -.0042426 -45.0                   z, wbeg, wspac, wangle (m)
49.28e3                                        Drift velocity (m/s)
TDC Offset Values --- calibrated 27-Jun-10 0:05 joh
  1  1121.8    2  1121.8    3  1121.8    4  1121.8    5  1121.8    6  1121.8    7  1121.8    8  1121.8  
  9  1121.8   10  1121.8   11  1121.8   12  1121.8   13  1121.8   14  1121.8   15  1121.8   16  1121.8  
 17  1119.8   18  1119.8   19  1119.8   20  1119.8   21  1119.8   22  1119.8   23  1119.8   24  1119.8  
 25  1119.8   26  1119.8   27  1119.8   28  1119.8   29  1119.8   30  1119.8   31  1119.8   32  1119.8  
 33  1119.8   34  1119.8   35  1119.8   36  1119.8   37  1119.8   38  1119.8   39  1119.8   40  1119.8  
 41  1119.8   42  1119.8   43  1119.8   44  1119.8   45  1119.8   46  1119.8   47  1119.8   48  1119.8  
 49  1117.8   50  1117.8   51  1117.8   52  1117.8   53  1117.8   54  1117.8   55  1117.8   56  1117.8  
 57  1117.8   58  1117.8   59  1117.8   60  1117.8   61  1117.8   62  1117.8   63  1117.8   64  1117.8  
 65  1119.8   66  1119.8   67  1119.8   68  1119.8   69  1119.8   70  1119.8   71  1119.8   72  1119.8  
 73  1119.8   74  1119.8   75  1119.8   76  1119.8   77  1119.8   78  1119.8   79  1119.8   80  1119.8  
 81  1118.8   82  1118.8   83  1118.8   84  1118.8   85  1118.8   86  1118.8   87  1118.8   88  1118.8  
 89  1118.8   90  1118.8   91  1118.8   92  1118.8   93  1118.8   94  1118.8   95  1118.8   96  1118.8  
 97  1122.8   98  1122.8   99  1122.8  100  1122.8  101  1122.8  102  1122.8  103  1122.8  104  1122.8  
105  1122.8  106  1122.8  107  1122.8  108  1122.8  109  1122.8  110  1122.8  111  1122.8  112  1122.8  
113  1120.8  114  1120.8  115  1120.8  116  1120.8  117  1120.8  118  1120.8  119  1120.8  120  1120.8  
121  1120.8  122  1120.8  123  1120.8  124  1120.8  125  1120.8  126  1120.8  127  1120.8  128  1120.8  
129  1119.8  130  1119.8  131  1119.8  132  1119.8  133  1119.8  134  1119.8  135  1119.8  136  1119.8  
137  1119.8  138  1119.8  139  1119.8  140  1119.8  141  1119.8  142  1119.8  143  1119.8  144  1119.8  
145  1118.8  146  1118.8  147  1118.8  148  1118.8  149  1118.8  150  1118.8  151  1118.8  152  1118.8  
153  1118.8  154  1118.8  155  1118.8  156  1118.8  157  1118.8  158  1118.8  159  1118.8  160  1118.8  
161  1115.8  162  1115.8  163  1115.8  164  1115.8  165  1115.8  166  1115.8  167  1115.8  168  1115.8  
169  1115.8  170  1115.8  171  1115.8  172  1115.8  173  1115.8  174  1115.8  175  1115.8  176  1115.8  
177  1115.8  178  1115.8  179  1115.8  180  1115.8  181  1115.8  182  1115.8  183  1115.8  184  1115.8  
185  1115.8  186  1115.8  187  1115.8  188  1115.8  189  1115.8  190  1115.8  191  1115.8  192  1115.8  
193  1123.8  194  1123.8  195  1123.8  196  1123.8  197  1123.8  198  1123.8  199  1123.8  200  1123.8  
201  1123.8  202  1123.8  203  1123.8  204  1123.8  205  1123.8  206  1123.8  207  1123.8  208  1123.8  
209  1121.8  210  1121.8  211  1121.8  212  1121.8  213  1121.8  214  1121.8  215  1121.8  216  1121.8  
217  1121.8  218  1121.8  219  1121.8  220  1121.8  221  1121.8  222  1121.8  223  1121.8  224  1121.8  
225  1121.8  226  1121.8  227  1121.8  228  1121.8  229  1121.8  230  1121.8  231  1121.8  232  1121.8  
233  1121.8  234  1121.8  235  1121.8  236  1121.8  237  1121.8  238  1121.8  239  1121.8  240  1121.8  
241  1118.8  242  1118.8  243  1118.8  244  1118.8  245  1118.8  246  1118.8  247  1118.8  248  1118.8  
249  1118.8  250  1118.8  251  1118.8  252  1118.8  253  1118.8  254  1118.8  255  1118.8  256  1118.8  
257  1121.8  258  1121.8  259  1121.8  260  1121.8  261  1121.8  262  1121.8  263  1121.8  264  1121.8  
265  1121.8  266  1121.8  267  1121.8  268  1121.8  269  1121.8  270  1121.8  271  1121.8  272  1121.8  
273  1123.8  274  1123.8  275  1123.8  276  1123.8  277  1123.8  278  1123.8  279  1123.8  280  1123.8  
281  1123.8  282  1123.8  283  1123.8  284  1123.8  285  1123.8  286  1123.8  287  1123.8  288  1123.8  
289  1116.8  290  1116.8  291  1116.8  292  1116.8  293  1116.8  294  1116.8  295  1116.8  296  1116.8  
297  1116.8  298  1116.8  299  1116.8  300  1116.8  301  1116.8  302  1116.8  303  1116.8  304  1116.8  
305  1123.8  306  1123.8  307  1123.8  308  1123.8  309  1123.8  310  1123.8  311  1123.8  312  1123.8  
313  1123.8  314  1123.8  315  1123.8  316  1123.8  317  1123.8  318  1123.8  319  1123.8  320  1123.8  
321  1121.8  322  1121.8  323  1121.8  324  1121.8  325  1121.8  326  1121.8  327  1121.8  328  1121.8  
329  1121.8  330  1121.8  331  1121.8  332  1121.8  333  1121.8  334  1121.8  335  1121.8  336  1121.8  
337  1123.8  338  1123.8  339  1123.8  340  1123.8  341  1123.8  342  1123.8  343  1123.8  344  1123.8  
345  1123.8  346  1123.8  347  1123.8  348  1123.8  349  1123.8  350  1123.8  351  1123.8  352  1123.8  
353  1123.8  354  1123.8  355  1123.8  356  1123.8  357  1123.8  358  1123.8  359  1123.8  360  1123.8  
361  1123.8  362  1123.8  363  1123.8  364  1123.8  365  1123.8  366  1123.8  367  1123.8  368  1123.8  
[ L.vdc.v1 ]
4      7       0      95                  V1: v1cr1, v1sl1, v1cf1, v1cl1
4      8       0      95                      v1cr2, v1sl2, v1cf2, v1cl2
4      9       0      95                      v1cr3, v1sl3, v1cf3, v1cl3
4      10       0      79                      v1cr4, v1sl4, v1cf4, v1cl4
0.026  0.77852 -.0042426 45.0                  z, wbeg, wspac, wangle (m)
49.13e3                                        Drift velocity (m/s)
TDC Offset Values --- calibrated 27-Jun-10 0:05 joh
  1  1124.8    2  1124.8    3  1124.8    4  1124.8    5  1124.8    6  1124.8    7  1124.8    8  1124.8  
  9  1124.8   10  1124.8   11  1124.8   12  1124.8   13  1124.8   14  1124.8   15  1124.8   16  1124.8  
 17  1124.8   18  1124.8   19  1124.8   20  1124.8   21  1124.8   22  1124.8   23  1124.8   24  1124.8  
 25  1124.8   26  1124.8   27  1124.8   28  1124.8   29  1124.8   30  1124.8   31  1124.8   32  1124.8  
 33  1125.8   34  1125.8   35  1125.8   36  1125.8   37  1125.8   38  1125.8   39  1125.8   40  1125.8  
 41  1125.8   42  1125.8   43  1125.8   44  1125.8   45  1125.8   46  1125.8   47  1125.8   48  1125.8  
 49  1125.8   50  1125.8   51  1125.8   52  1125.8   53  1125.8   54  1125.8   55  1125.8   56  1125.8  
 57  1125.8   58  1125.8   59  1125.8   60  1125.8   61  1125.8   62  1125.8   63  1125.8   64  1125.8  
 65  1125.8   66  1125.8   67  1125.8   68  1125.8   69  1125.8   70  1125.8   71  1125.8   72  1125.8  
 73  1125.8   74  1125.8   75  1125.8   76  1125.8   77  1125.8   78  1125.8   79  1125.8   80  1125.8  
 81  1122.8   82  1122.8   83  1122.8   84  1122.8   85  1122.8   86  1122.8   87  1122.8   88  1122.8  
 89  1122.8   90  1122.8   91  1122.8   92  1122.8   93  1122.8   94  1122.8   95  1122.8   96  1122.8  
 97  1129.8   98  1129.8   99  1129.8  100  1129.8  101  1129.8  102  1129.8  103  1129.8  104  1129.8  
105  1129.8  106  1129.8  107  1129.8  108  1129.8  109  1129.8  110  1129.8  111  1129.8  112  1129.8  
113  1128.8  114  1128.8  115  1128.8  116  1128.8  117  1128.8  118  1128.8  119  1128.8  120  1128.8  
121  1128.8  122  1128.8  123  1128.8  124  1128.8  125  1128.8  126  1128.8  127  1128.8  128  1128.8  
129  1125.8  130  1125.8  131  1125.8  132  1125.8  133  1125.8  134  1125.8  135  1125.8  136  1125.8  
137  1125.8  138  1125.8  139  1125.8  140  1125.8  141  1125.8  142  1125.8  143  1125.8  144  1125.8  
145  1123.8  146  1123.8  147  1123.8  148  1123.8  149  1123.8  150  1123.8  151  1123.8  152  1123.8  
153  1123.8  154  1123.8  155  1123.8  156  1123.8  157  1123.8  158  1123.8  159  1123.8  160  1123.8  
161  1126.8  162  1126.8  163  1126.8  164  1126.8  165  1126.8  166  1126.8  167  1126.8  168  1126.8  
169  1126.8  170  1126.8  171  1126.8  172  1126.8  173  1126.8  174  1126.8  175  1126.8  176  1126.8  
177  1123.8  178  1123.8  179  1123.8  180  1123.8  181  1123.8  182  1123.8  183  1123.8  184  1123.8  
185  1123.8  186  1123.8  187  1123.8  188  1123.8  189  1123.8  190  1123.8  191  1123.8  192  1123.8  
193  1127.8  194  1127.8  195  1127.8  196  1127.8  197  1127.8  198  1127.8  199  1127.8  200  1127.8  
201  1127.8  202  1127.8  203  1127.8  204  1127.8  205  1127.8  206  1127.8  207  1127.8  208  1127.8  
209  1127.8  210  1127.8  211  1127.8  212  1127.8  213  1127.8  214  1127.8  215  1127.8  216  1127.8  
217  1127.8  218  1127.8  219  1127.8  220  1127.8  221  1127.8  222  1127.8  223  1127.8  224  1127.8  
225  1126.8  226  1126.8  227  1126.8  228  1126.8  229  1126.8  230  1126.8  231  1126.8  232  1126.8  
233  1126.8  234  1126.8  235  1126.8  236  1126.8  237  1126.8  238  1126.8  239  1126.8  240  1126.8  
241  1126.8  242  1126.8  243  1126.8  244  1126.8  245  1126.8  246  1126.8  247  1126.8  248  1126.8  
249  1126.8  250  1126.8  251  1126.8  252  1126.8  253  1126.8  254  1126.8  255  1126.8  256  1126.8  
257  1128.8  258  1128.8  259  1128.8  260  1128.8  261  1128.8  262  1128.8  263  1128.8  264  1128.8  
265  1128.8  266  1128.8  267  1128.8  268  1128.8  269  1128.8  270  1128.8  271  1128.8  272  1128.8  
273  1128.8  274  1128.8  275  1128.8  276  1128.8  277  1128.8  278  1128.8  279  1128.8  280  1128.8  
281  1128.8  282  1128.8  283  1128.8  284  1128.8  285  1128.8  286  1128.8  287  1128.8  288  1128.8  
289  1135.8  290  1135.8  291  1135.8  292  1135.8  293  1135.8  294  1135.8  295  1135.8  296  1135.8  
297  1135.8  298  1135.8  299  1135.8  300  1135.8  301  1135.8  302  1135.8  303  1135.8  304  1135.8  
305  1130.8  306  1130.8  307  1130.8  308  1130.8  309  1130.8  310  1130.8  311  1130.8  312  1130.8  
313  1130.8  314  1130.8  315  1130.8  316  1130.8  317  1130.8  318  1130.8  319  1130.8  320  1130.8  
321  1130.8  322  1130.8  323  1130.8  324  1130.8  325  1130.8  326  1130.8  327  1130.8  328  1130.8  
329  1130.8  330  1130.8  331  1130.8  332  1130.8  333  1130.8  334  1130.8  335  1130.8  336  1130.8  
337  1128.8  338  1128.8  339  1128.8  340  1128.8  341  1128.8  342  1128.8  343  1128.8  344  1128.8  
345  1128.8  346  1128.8  347  1128.8  348  1128.8  349  1128.8  350  1128.8  351  1128.8  352  1128.8  
353  1125.8  354  1125.8  355  1125.8  356  1125.8  357  1125.8  358  1125.8  359  1125.8  360  1125.8  
361  1125.8  362  1125.8  363  1125.8  364  1125.8  365  1125.8  366  1125.8  367  1125.8  368  1125.8  
[ L.vdc.u2 ]
3      3       0      95                  U2: u2cr1, u2sl1, u2cf1, u2cl1
3      4       0      95                  ~~~ u2cr2, u2sl2, u2cf2, u2cl2
3      5       0      95                      u2cr3, u2sl3, u2cf3, u2cl3
3      6       0      79                      u2cr4, u2sl4, u2cf4, u2cl4
0.3348 1.02718 -.0042426 -45.0                 z, wbeg, wspac, wangle (m)
49.73e3                                        Drift velocity (m/s)
TDC Offset Values --- calibrated 27-Jun-10 0:05 joh
  1  1107.8    2  1107.8    3  1107.8    4  1107.8    5  1107.8    6  1107.8    7  1107.8    8  1107.8  
  9  1107.8   10  1107.8   11  1107.8   12  1107.8   13  1107.8   14  1107.8   15  1107.8   16  1107.8  
 17  1105.8   18  1105.8   19  1105.8   20  1105.8   21  1105.8   22  1105.8   23  1105.8   24  1105.8  
 25  1105.8   26  1105.8   27  1105.8   28  1105.8   29  1105.8   30  1105.8   31  1105.8   32  1105.8  
 33  1108.8   34  1108.8   35  1108.8   36  1108.8   37  1108.8   38  1108.8   39  1108.8   40  1108.8  
 41  1108.8   42  1108.8   43  1108.8   44  1108.8   45  1108.8   46  1108.8   47  1108.8   48  1108.8  
 49  1106.8   50  1106.8   51  1106.8   52  1106.8   53  1106.8   54  1106.8   55  1106.8   56  1106.8  
 57  1106.8   58  1106.8   59  1106.8   60  1106.8   61  1106.8   62  1106.8   63  1106.8   64  1106.8  
 65  1106.8   66  1106.8   67  1106.8   68  1106.8   69  1106.8   70  1106.8   71  1106.8   72  1106.8  
 73  1106.8   74  1106.8   75  1106.8   76  1106.8   77  1106.8   78  1106.8   79  1106.8   80  1106.8  
 81  1107.8   82  1107.8   83  1107.8   84  1107.8   85  1107.8   86  1107.8   87  1107.8   88  1107.8  
 89  1107.8   90  1107.8   91  1107.8   92  1107.8   93  1107.8   94  1107.8   95  1107.8   96  1107.8  
 97  1117.8   98  1117.8   99  1117.8  100  1117.8  101  1117.8  102  1117.8  103  1117.8  104  1117.8  
105  1117.8  106  1117.8  107  1117.8  108  1117.8  109  1117.8  110  1117.8  111  1117.8  112  1117.8  
113  1115.8  114  1115.8  115  1115.8  116  1115.8  117  1115.8  118  1115.8  119  1115.8  120  1115.8  
121  1115.8  122  1115.8  123  1115.8  124  1115.8  125  1115.8  126  1115.8  127  1115.8  128  1115.8  
129  1112.8  130  1112.8  131  1112.8  132  1112.8  133  1112.8  134  1112.8  135  1112.8  136  1112.8  
137  1112.8  138  1112.8  139  1112.8  140  1112.8  141  1112.8  142  1112.8  143  1112.8  144  1112.8  
145  1109.8  146  1109.8  147  1109.8  148  1109.8  149  1109.8  150  1109.8  151  1109.8  152  1109.8  
153  1109.8  154  1109.8  155  1109.8  156  1109.8  157  1109.8  158  1109.8  159  1109.8  160  1109.8  
161  1113.8  162  1113.8  163  1113.8  164  1113.8  165  1113.8  166  1113.8  167  1113.8  168  1113.8  
169  1113.8  170  1113.8  171  1113.8  172  1113.8  173  1113.8  174  1113.8  175  1113.8  176  1113.8  
177  1111.8  178  1111.8  179  1111.8  180  1111.8  181  1111.8  182  1111.8  183  1111.8  184  1111.8  
185  1111.8  186  1111.8  187  1111.8  188  1111.8  189  1111.8  190  1111.8  191  1111.8  192  1111.8  
193  1114.8  194  1114.8  195  1114.8  196  1114.8  197  1114.8  198  1114.8  199  1114.8  200  1114.8  
201  1114.8  202  1114.8  203  1114.8  204  1114.8  205  1114.8  206  1114.8  207  1114.8  208  1114.8  
209  1116.8  210  1116.8  211  1116.8  212  1116.8  213  1116.8  214  1116.8  215  1116.8  216  1116.8  
217  1116.8  218  1116.8  219  1116.8  220  1116.8  221  1116.8  222  1116.8  223  1116.8  224  1116.8  
225  1116.8  226  1116.8  227  1116.8  228  1116.8  229  1116.8  230  1116.8  231  1116.8  232  1116.8  
233  1116.8  234  1116.8  235  1116.8  236  1116.8  237  1116.8  238  1116.8  239  1116.8  240  1116.8  
241  1114.8  242  1114.8  243  1114.8  244  1114.8  245  1114.8  246  1114.8  247  1114.8  248  1114.8  
249  1114.8  250  1114.8  251  1114.8  252  1114.8  253  1114.8  254  1114.8  255  1114.8  256  1114.8  
257  1112.8  258  1112.8  259  1112.8  260  1112.8  261  1112.8  262  1112.8  263  1112.8  264  1112.8  
265  1112.8  266  1112.8  267  1112.8  268  1112.8  269  1112.8  270  1112.8  271  1112.8  272  1112.8  
273  1111.8  274  1111.8  275  1111.8  276  1111.8  277  1111.8  278  1111.8  279  1111.8  280  1111.8  
281  1111.8  282  1111.8  283  1111.8  284  1111.8  285  1111.8  286  1111.8  287  1111.8  288  1111.8  
289  1120.8  290  1120.8  291  1120.8  292  1120.8  293  1120.8  294  1120.8  295  1120.8  296  1120.8  
297  1120.8  298  1120.8  299  1120.8  300  1120.8  301  1120.8  302  1120.8  303  1120.8  304  1120.8  
305  1116.8  306  1116.8  307  1116.8  308  1116.8  309  1116.8  310  1116.8  311  1116.8  312  1116.8  
313  1116.8  314  1116.8  315  1116.8  316  1116.8  317  1116.8  318  1116.8  319  1116.8  320  1116.8  
321  1117.8  322  1117.8  323  1117.8  324  1117.8  325  1117.8  326  1117.8  327  1117.8  328  1117.8  
329  1117.8  330  1117.8  331  1117.8  332  1117.8  333  1117.8  334  1117.8  335  1117.8  336  1117.8  
337  1114.8  338  1114.8  339  1114.8  340  1114.8  341  1114.8  342  1114.8  343  1114.8  344  1114.8  
345  1114.8  346  1114.8  347  1114.8  348  1114.8  349  1114.8  350  1114.8  351  1114.8  352  1114.8  
353  1112.8  354  1112.8  355  1112.8  356  1112.8  357  1112.8  358  1112.8  359  1112.8  360  1112.8  
361  1112.8  362  1112.8  363  1112.8  364  1112.8  365  1112.8  366  1112.8  367  1112.8  368  1112.8  
[ L.vdc.v2 ]
4      3       0      95                  V2: v2cr1, v2sl1, v2cf1, v2cl1
4      4       0      95                  ~~~ v2cr2, v2sl2, v2cf2, v2cl
4      5       0      95                      v2cr3, v2sl3, v2cf3, v2cl3
4      6       0      79                      v2cr4, v2sl4, v2cf4, v2cl4
0.3609 1.02718 -.0042426 45.0                  z, wbeg, wspac, wangle       
49.19e3                                        Drift velocity (m/s)
TDC Offset Values    --- calibrated 27-Jun-10 0:05 joh
  1  1114.8    2  1114.8    3  1114.8    4  1114.8    5  1114.8    6  1114.8    7  1114.8    8  1114.8  
  9  1114.8   10  1114.8   11  1114.8   12  1114.8   13  1114.8   14  1114.8   15  1114.8   16  1114.8  
 17  1114.8   18  1114.8   19  1114.8   20  1114.8   21  1114.8   22  1114.8   23  1114.8   24  1114.8  
 25  1114.8   26  1114.8   27  1114.8   28  1114.8   29  1114.8   30  1114.8   31  1114.8   32  1114.8  
 33  1115.8   34  1115.8   35  1115.8   36  1115.8   37  1115.8   38  1115.8   39  1115.8   40  1115.8  
 41  1115.8   42  1115.8   43  1115.8   44  1115.8   45  1115.8   46  1115.8   47  1115.8   48  1115.8  
 49  1113.8   50  1113.8   51  1113.8   52  1113.8   53  1113.8   54  1113.8   55  1113.8   56  1113.8  
 57  1113.8   58  1113.8   59  1113.8   60  1113.8   61  1113.8   62  1113.8   63  1113.8   64  1113.8  
 65  1114.8   66  1114.8   67  1114.8   68  1114.8   69  1114.8   70  1114.8   71  1114.8   72  1114.8  
 73  1114.8   74  1114.8   75  1114.8   76  1114.8   77  1114.8   78  1114.8   79  1114.8   80  1114.8  
 81  1114.8   82  1114.8   83  1114.8   84  1114.8   85  1114.8   86  1114.8   87  1114.8   88  1114.8  
 89  1114.8   90  1114.8   91  1114.8   92  1114.8   93  1114.8   94  1114.8   95  1114.8   96  1114.8  
 97  1120.8   98  1120.8   99  1120.8  100  1120.8  101  1120.8  102  1120.8  103  1120.8  104  1120.8  
105  1120.8  106  1120.8  107  1120.8  108  1120.8  109  1120.8  110  1120.8  111  1120.8  112  1120.8  
113  1117.8  114  1117.8  115  1117.8  116  1117.8  117  1117.8  118  1117.8  119  1117.8  120  1117.8  
121  1117.8  122  1117.8  123  1117.8  124  1117.8  125  1117.8  126  1117.8  127  1117.8  128  1117.8  
129  1117.8  130  1117.8  131  1117.8  132  1117.8  133  1117.8  134  1117.8  135  1117.8  136  1117.8  
137  1117.8  138  1117.8  139  1117.8  140  1117.8  141  1117.8  142  1117.8  143  1117.8  144  1117.8  
145  1114.8  146  1114.8  147  1114.8  148  1114.8  149  1114.8  150  1114.8  151  1114.8  152  1114.8  
153  1114.8  154  1114.8  155  1114.8  156  1114.8  157  1114.8  158  1114.8  159  1114.8  160  1114.8  
161  1116.8  162  1116.8  163  1116.8  164  1116.8  165  1116.8  166  1116.8  167  1116.8  168  1116.8  
169  1116.8  170  1116.8  171  1116.8  172  1116.8  173  1116.8  174  1116.8  175  1116.8  176  1116.8  
177  1115.8  178  1115.8  179  1115.8  180  1115.8  181  1115.8  182  1115.8  183  1115.8  184  1115.8  
185  1115.8  186  1115.8  187  1115.8  188  1115.8  189  1115.8  190  1115.8  191  1115.8  192  1115.8  
193  1120.8  194  1120.8  195  1120.8  196  1120.8  197  1120.8  198  1120.8  199  1120.8  200  1120.8  
201  1120.8  202  1120.8  203  1120.8  204  1120.8  205  1120.8  206  1120.8  207  1120.8  208  1120.8  
209  1118.8  210  1118.8  211  1118.8  212  1118.8  213  1118.8  214  1118.8  215  1118.8  216  1118.8  
217  1118.8  218  1118.8  219  1118.8  220  1118.8  221  1118.8  222  1118.8  223  1118.8  224  1118.8  
225  1118.8  226  1118.8  227  1118.8  228  1118.8  229  1118.8  230  1118.8  231  1118.8  232  1118.8  
233  1118.8  234  1118.8  235  1118.8  236  1118.8  237  1118.8  238  1118.8  239  1118.8  240  1118.8  
241  1119.8  242  1119.8  243  1119.8  244  1119.8  245  1119.8  246  1119.8  247  1119.8  248  1119.8  
249  1119.8  250  1119.8  251  1119.8  252  1119.8  253  1119.8  254  1119.8  255  1119.8  256  1119.8  
257  1118.8  258  1118.8  259  1118.8  260  1118.8  261  1118.8  262  1118.8  263  1118.8  264  1118.8  
265  1118.8  266  1118.8  267  1118.8  268  1118.8  269  1118.8  270  1118.8  271  1118.8  272  1118.8  
273  1115.8  274  1115.8  275  1115.8  276  1115.8  277  1115.8  278  1115.8  279  1115.8  280  1115.8  
281  1115.8  282  1115.8  283  1115.8  284  1115.8  285  1115.8  286  1115.8  287  1115.8  288  1115.8  
289  1125.8  290  1125.8  291  1125.8  292  1125.8  293  1125.8  294  1125.8  295  1125.8  296  1125.8  
297  1125.8  298  1125.8  299  1125.8  300  1125.8  301  1125.8  302  1125.8  303  1125.8  304  1125.8  
305  1122.8  306  1122.8  307  1122.8  308  1122.8  309  1122.8  310  1122.8  311  1122.8  312  1122.8  
313  1122.8  314  1122.8  315  1122.8  316  1122.8  317  1122.8  318  1122.8  319  1122.8  320  1122.8  
321  1123.8  322  1123.8  323  1123.8  324  1123.8  325  1123.8  326  1123.8  327  1123.8  328  1123.8  
329  1123.8  330  1123.8  331  1123.8  332  1123.8  333  1123.8  334  1123.8  335  1123.8  336  1123.8  
337  1123.8  338  1123.8  339  1123.8  340  1123.8  341  1123.8  342  1123.8  343  1123.8  344  1123.8  
345  1123.8  346  1123.8  347  1123.8  348  1123.8  349  1123.8  350  1123.8  351  1123.8  352  1123.8  
353  1119.8  354  1119.8  355  1119.8  356  1119.8  357  1119.8  358  1119.8  359  1119.8  360  1119.8  
361  1119.8  362  1119.8  363  1119.8  364  1119.8  365  1119.8  366  1119.8  367  1119.8  368  1119.8  

##### Analysis control parameters #####
[ L.extra_param ]
5.0e-10   4.0e-8             TDC scale (ns/chan), t0 resolution (ns)
3  7  1  400  1400 35e-9 250.0e-9  min_clust_size, max_clust_span, max_gap, min_time, max_time, mindiff time (ns), maxdiff time (ns)
2.12e-3 0.0 0.0 0.0 -4.2e-4 1.3e-3 1.06e-4 0.0 4e-9    AnalyticTTD parameters
2.118  0.16     VDC size parameters (height width)








######################### DO NOT REMOVE THIS HEADER ###############################
# LHRS Optics Database for APEX test run
# Author: Jin Huang <jinhuang@jlab.org>
#
# This is LHRS optics databse for APEX July 2010 test run (~1GeV, PREX septum, 5Degree).
# Applying this database to other running period is not quality-guaranteed. Please proceed
# with cautious. It will be on your own responsibility.
######################### DO NOT REMOVE THIS HEADER ###############################
#
# Summary of Progress
#
# * Full Sieve Calibration for central foil. 
# *-- Expected optics calibration precision: 0.17mrad for horizontal angles; 0.36mrad for vertical angles.
# * Vertex Calibration for 0cm & +15cm foils.  
# * Momentum calibration was based on Yi Qiang's hyper nuclear database. 
#   However a simple shift and scale correction was performed based on data from the upper half of momentum acceptance space.
#
# ===========================================
#
# Calibration Data:
#
# Angular
# Data set: 1 pass raster off runs with Ta target.
#	ID: Run  : dp
#	-------------
#	0 : 1170 : 0% with elastic peak
#	1 : 1172 : +1% with elastic peak
#	2 : 1181 : +2% with elastic peak
#	3 : 1183 : +3% with elastic peak
#	4 : 1190 : +4% with elastic peak
#	5 : 1169-1170 : -3%~-1% with elastic tails
#	6 : 1169-1170 : -4%~-3% with elastic tails
#	7 : 1898-1899 : 0% with elastic peak, bended beam
#	8 : 1911-1912 : +2% with elastic peak, bended beam
#	9 : 1919-1920 : +4% with elastic peak, bended beam
#	10 : 1898-1899 : -3%~-1% with elastic tails, bended beam
#	11 : 1898-1899 : -4%~-3% with elastic tails, bended beam
# Cross Checked:
#	2GeV beam with HRS @1GeV/c: Sieve in : 1814, 1815. Sieve out: 1819
#   Raster on run: 1896, 1897
# 
# Momentum
#	Data set: 1 pass raster off runs with Ta target.
#	Run  : dp
#	----------
#	1170 : 0%
#	1172 : +1%
#	1181 : +2%
#	1183 : +3%
#	1190 : +4%
#
# Vertex
# 	Ta run 1945 and optics run 1949, white momentum spectrum
#
# ===========================================
#
# Optimized With Jin's HRS Optics Optimizer
# http://www.jlab.org/~jinhuang/HRSOptics/
#
# ===========================================
# Private matrix identifier:
# 
# Optimized by Jin Huang @ Thu Jan 20 20:17:07 2011
# Saved to ArchivedRootFiles/VertexLHRS/db_L.vdc.dat.23.Shift
######################### DO NOT REMOVE THIS HEADER ###############################
[ L.global ]
0.3327 1 0.0 270.2 0.0 -1.6e-03        VDC Angle, Plane Spacing, Gamma Coefficents
matrix elements
t 0 0 0  -1.001135e+00 -3.313373e-01 -4.290819e-02  4.470852e-03  0.000000e+00  0.000000e+00  0.000000e+00  0
y 0 0 0  -8.060915e-03  1.071977e-03  9.019102e-04 -3.239615e-04  0.000000e+00  0.000000e+00  0.000000e+00  0
p 0 0 0  -2.861912e-03 -2.469069e-03  8.427172e-03  2.274635e-03  0.000000e+00  0.000000e+00  0.000000e+00  0
D 0 0 0   4.290247e-05  7.424100e-02  9.113928e-03  6.217384e-04 -4.231451e-04  0.000000e+00  0.000000e+00  2
D 0 0 1   4.444100e-04 -1.884416e-02  7.634256e-02 -1.626888e-02  0.000000e+00  0.000000e+00  0.000000e+00  0
D 0 0 2   5.848935e-01  2.142833e+00  4.466630e+00  0.000000e+00  0.000000e+00  0.000000e+00  0.000000e+00  0
D 0 0 3   3.939065e-01 -2.002097e+00  0.000000e+00  0.000000e+00  0.000000e+00  0.000000e+00  0.000000e+00  0
D 0 1 1  -1.520792e-01  4.645832e-02  6.352842e-01  0.000000e+00  0.000000e+00  0.000000e+00  0.000000e+00  0
D 0 1 2  -6.236001e+00  1.915826e+01  0.000000e+00  0.000000e+00  0.000000e+00  0.000000e+00  0.000000e+00  0
D 0 2 1  -1.702337e+01 -5.207902e+01  0.000000e+00  0.000000e+00  0.000000e+00  0.000000e+00  0.000000e+00  0
D 1 0 1  -5.729707e-01 -8.784721e+00 -3.799885e+00  8.338415e+00  0.000000e+00  0.000000e+00  0.000000e+00  0
D 1 0 2   3.385883e+01 -2.168959e+02 -2.651049e+02  0.000000e+00  0.000000e+00  0.000000e+00  0.000000e+00  0
D 1 1 1   2.222168e+01  6.571493e+01  4.097737e+02  0.000000e+00  0.000000e+00  0.000000e+00  0.000000e+00  0
D 2 0 1  -2.666794e+01  4.346068e+01 -3.081418e+02  0.000000e+00  0.000000e+00  0.000000e+00  0.000000e+00  0
D 3 0 1   3.543513e+03  7.845790e+03  0.000000e+00  0.000000e+00  0.000000e+00  0.000000e+00  0.000000e+00  0
D 0 1 0   1.734678e-03 -4.479246e-03  5.104177e-02 -2.219888e-02 -3.879097e-03  0.000000e+00  0.000000e+00  0
D 0 2 0   5.142109e-01 -1.153821e+00  2.996043e-01  2.253249e-02  0.000000e+00  0.000000e+00  0.000000e+00  0
D 0 3 0   1.414610e+01  5.092820e+00  2.781767e+00  0.000000e+00  0.000000e+00  0.000000e+00  0.000000e+00  0
D 0 4 0   4.002699e+02 -1.080114e+02  0.000000e+00  0.000000e+00  0.000000e+00  0.000000e+00  0.000000e+00  0
D 0 5 0   1.842291e+01  0.000000e+00  0.000000e+00  0.000000e+00  0.000000e+00  0.000000e+00  0.000000e+00  0
D 1 0 0  -3.313879e-02  3.020244e-01 -5.351822e-02  2.070861e-01 -6.171809e-02  0.000000e+00  0.000000e+00  0
D 1 1 0  -2.189066e+00  5.194822e+00 -3.291014e+00  8.933980e+00  0.000000e+00  0.000000e+00  0.000000e+00  0
D 1 2 0  -4.095317e+01  7.855717e+01 -2.611485e+02  0.000000e+00  0.000000e+00  0.000000e+00  0.000000e+00  0
D 1 3 0   2.081494e+01  3.827264e+02  0.000000e+00  0.000000e+00  0.000000e+00  0.000000e+00  0.000000e+00  0
D 1 4 0  -2.854487e+03  0.000000e+00  0.000000e+00  0.000000e+00  0.000000e+00  0.000000e+00  0.000000e+00  0
D 2 0 0  -3.253789e+00  5.729799e-01 -4.722074e+00 -2.501825e-01  0.000000e+00  0.000000e+00  0.000000e+00  0
D 2 1 0  -1.505654e+01  2.425558e+01 -2.200582e+01  0.000000e+00  0.000000e+00  0.000000e+00  0.000000e+00  0
D 2 2 0  -1.931503e+02 -1.541879e+03  0.000000e+00  0.000000e+00  0.000000e+00  0.000000e+00  0.000000e+00  0
D 2 3 0  -2.880290e+03  0.000000e+00  0.000000e+00  0.000000e+00  0.000000e+00  0.000000e+00  0.000000e+00  0
D 3 0 0   1.185237e+02 -1.920899e+02  5.358677e+01  0.000000e+00  0.000000e+00  0.000000e+00  0.000000e+00  0
D 3 1 0   4.605617e+03 -1.041034e+04  0.000000e+00  0.000000e+00  0.000000e+00  0.000000e+00  0.000000e+00  0
D 3 2 0  -9.864738e+02  0.000000e+00  0.000000e+00  0.000000e+00  0.000000e+00  0.000000e+00  0.000000e+00  0
D 4 0 0   6.310007e+03  3.536085e+03  0.000000e+00  0.000000e+00  0.000000e+00  0.000000e+00  0.000000e+00  0
D 4 1 0   1.791899e+03  0.000000e+00  0.000000e+00  0.000000e+00  0.000000e+00  0.000000e+00  0.000000e+00  0
D 5 0 0  -1.474569e+05  0.000000e+00  0.000000e+00  0.000000e+00  0.000000e+00  0.000000e+00  0.000000e+00  0
T 0 0 0  -4.506055e-04  2.084994e-02 -1.003039e-02  2.337769e-03  2.091074e-02  0.000000e+00  0.000000e+00  5
T 0 0 1  -3.952410e-02 -1.543900e-01  7.486107e-02 -1.630539e-01  0.000000e+00  0.000000e+00  0.000000e+00  4
T 0 0 2   4.605188e+00 -8.037936e+00 -5.994551e-01  0.000000e+00  0.000000e+00  0.000000e+00  0.000000e+00  3
T 0 0 3   3.030132e+02  0.000000e+00  0.000000e+00  0.000000e+00  0.000000e+00  0.000000e+00  0.000000e+00  1
T 0 1 0   9.768694e-03  1.986027e-01  8.721116e-02 -8.582974e-02  0.000000e+00  0.000000e+00  0.000000e+00  4
T 0 1 1  -7.393358e+00 -6.813698e+00  1.158793e+01  0.000000e+00  0.000000e+00  0.000000e+00  0.000000e+00  3
T 0 2 0   1.402034e+00  2.965912e+00  4.158840e+00  0.000000e+00  0.000000e+00  0.000000e+00  0.000000e+00  3
T 0 2 1  -1.395478e+02 -1.995054e+02  0.000000e+00  0.000000e+00  0.000000e+00  0.000000e+00  0.000000e+00  2
T 0 3 0   5.175350e+01 -9.271783e+00  0.000000e+00  0.000000e+00  0.000000e+00  0.000000e+00  0.000000e+00  2
T 0 4 0   6.016739e+02  0.000000e+00  0.000000e+00  0.000000e+00  0.000000e+00  0.000000e+00  0.000000e+00  1
T 1 0 0  -2.258165e+00  6.441286e-01  1.886747e-01  1.129779e-01  0.000000e+00  0.000000e+00  0.000000e+00  4
T 1 0 1   9.040432e+00 -6.270371e+00  6.077535e+00  0.000000e+00  0.000000e+00  0.000000e+00  0.000000e+00  3
T 1 1 0  -9.760315e+00  1.748915e+00  6.779088e+00  0.000000e+00  0.000000e+00  0.000000e+00  0.000000e+00  3
T 1 1 1   1.768493e+02 -6.377414e+02  0.000000e+00  0.000000e+00  0.000000e+00  0.000000e+00  0.000000e+00  2
T 1 2 0  -2.658829e+01  1.003655e+02  0.000000e+00  0.000000e+00  0.000000e+00  0.000000e+00  0.000000e+00  2
T 1 3 0  -5.358614e+02  0.000000e+00  0.000000e+00  0.000000e+00  0.000000e+00  0.000000e+00  0.000000e+00  1
T 2 0 0  -9.817644e+00 -8.658401e+00  8.722796e+00  0.000000e+00  0.000000e+00  0.000000e+00  0.000000e+00  3
T 2 1 0  -7.871766e+01  5.903213e+00  0.000000e+00  0.000000e+00  0.000000e+00  0.000000e+00  0.000000e+00  2
T 2 1 1   4.220208e+03  0.000000e+00  0.000000e+00  0.000000e+00  0.000000e+00  0.000000e+00  0.000000e+00  1
T 3 0 0   4.427046e+02 -7.921067e+02  0.000000e+00  0.000000e+00  0.000000e+00  0.000000e+00  0.000000e+00  2
T 4 0 0   9.325972e+03  0.000000e+00  0.000000e+00  0.000000e+00  0.000000e+00  0.000000e+00  0.000000e+00  1
P 0 0 0   8.766852e-04  9.565266e-03  4.749787e-04  9.914080e-04 -4.643755e-03  0.000000e+00  0.000000e+00  5
P 0 0 1   1.350406e-01 -5.427680e-01 -6.550418e-02  1.617418e-01  0.000000e+00  0.000000e+00  0.000000e+00  4
P 0 0 2  -1.723339e+00 -2.208453e+00  1.746718e+01  0.000000e+00  0.000000e+00  0.000000e+00  0.000000e+00  3
P 0 0 3  -6.805786e+01 -3.533224e+02  0.000000e+00  0.000000e+00  0.000000e+00  0.000000e+00  0.000000e+00  2
P 0 1 0  -6.630411e-01  2.240956e-01  1.644655e-01  1.072551e-01  0.000000e+00  0.000000e+00  0.000000e+00  4
P 0 1 1   3.283578e+00 -8.403589e-01 -3.241219e+00  0.000000e+00  0.000000e+00  0.000000e+00  0.000000e+00  3
P 0 2 0  -1.136623e-01 -5.391067e+00  3.773427e+00  0.000000e+00  0.000000e+00  0.000000e+00  0.000000e+00  3
P 0 1 2   1.725417e+02  1.982571e+01  0.000000e+00  0.000000e+00  0.000000e+00  0.000000e+00  0.000000e+00  2
P 0 3 0   2.959130e+01 -1.180771e+02  0.000000e+00  0.000000e+00  0.000000e+00  0.000000e+00  0.000000e+00  2
P 0 4 0   1.081888e+03  0.000000e+00  0.000000e+00  0.000000e+00  0.000000e+00  0.000000e+00  0.000000e+00  1
P 1 0 0   1.181680e-02  2.117772e-01 -3.019049e-01  4.215740e-01  0.000000e+00  0.000000e+00  0.000000e+00  4
P 1 0 1   8.072723e+00  9.684629e+00 -2.453990e+01  0.000000e+00  0.000000e+00  0.000000e+00  0.000000e+00  3
P 1 0 2  -5.525733e+01  0.000000e+00  0.000000e+00  0.000000e+00  0.000000e+00  0.000000e+00  0.000000e+00  1
P 1 1 1   3.632067e+01  2.915891e+02  0.000000e+00  0.000000e+00  0.000000e+00  0.000000e+00  0.000000e+00  2
P 1 2 0  -5.306613e+01 -3.504856e+01  0.000000e+00  0.000000e+00  0.000000e+00  0.000000e+00  0.000000e+00  2
P 2 0 0  -1.289048e+01  1.181032e+01 -7.671237e+00  0.000000e+00  0.000000e+00  0.000000e+00  0.000000e+00  3
P 2 0 1  -1.141683e+02  0.000000e+00  0.000000e+00  0.000000e+00  0.000000e+00  0.000000e+00  0.000000e+00  1
P 2 1 0  -2.978244e+02  3.399825e+02  0.000000e+00  0.000000e+00  0.000000e+00  0.000000e+00  0.000000e+00  2
P 2 2 0   2.362025e+03  2.579215e+03  0.000000e+00  0.000000e+00  0.000000e+00  0.000000e+00  0.000000e+00  2
P 2 1 1  -7.752703e+03 -2.253678e+03  0.000000e+00  0.000000e+00  0.000000e+00  0.000000e+00  0.000000e+00  2
P 3 0 0   3.430449e+01 -1.973184e+02  0.000000e+00  0.000000e+00  0.000000e+00  0.000000e+00  0.000000e+00  2
P 3 1 0   5.547434e+03  0.000000e+00  0.000000e+00  0.000000e+00  0.000000e+00  0.000000e+00  0.000000e+00  1
P 4 0 0   4.713824e+03  0.000000e+00  0.000000e+00  0.000000e+00  0.000000e+00  0.000000e+00  0.000000e+00  1
Y 0 0 0   1.024700e-03 -1.842545e-02  1.026598e-02  1.697795e-02 -2.180594e-02  0.000000e+00  0.000000e+00  5
Y 0 0 1   1.647042e+00  1.032536e+00 -1.465538e+00  0.000000e+00  0.000000e+00  0.000000e+00  0.000000e+00  3
Y 0 0 2  -1.356933e+01  5.454407e+01  0.000000e+00  0.000000e+00  0.000000e+00  0.000000e+00  0.000000e+00  2
Y 0 0 3  -1.790400e+03  0.000000e+00  0.000000e+00  0.000000e+00  0.000000e+00  0.000000e+00  0.000000e+00  1
Y 0 1 0  -5.817145e-01 -1.212361e+00  5.581979e-01  0.000000e+00  0.000000e+00  0.000000e+00  0.000000e+00  3
Y 0 1 1   6.375472e+00 -2.310386e+01  0.000000e+00  0.000000e+00  0.000000e+00  0.000000e+00  0.000000e+00  2
Y 0 1 2   1.532681e+03  0.000000e+00  0.000000e+00  0.000000e+00  0.000000e+00  0.000000e+00  0.000000e+00  1
Y 0 2 0   1.585469e+00 -5.015606e+00  0.000000e+00  0.000000e+00  0.000000e+00  0.000000e+00  0.000000e+00  2
Y 0 2 1  -4.505819e+02  0.000000e+00  0.000000e+00  0.000000e+00  0.000000e+00  0.000000e+00  0.000000e+00  1
Y 0 3 0   1.575244e+02  0.000000e+00  0.000000e+00  0.000000e+00  0.000000e+00  0.000000e+00  0.000000e+00  1
Y 1 0 0  -8.134486e-02 -1.028291e-01 -2.781632e-01  0.000000e+00  0.000000e+00  0.000000e+00  0.000000e+00  3
Y 1 0 1   5.554656e+00  2.498042e+01  0.000000e+00  0.000000e+00  0.000000e+00  0.000000e+00  0.000000e+00  2
Y 1 0 2  -6.107706e+02  0.000000e+00  0.000000e+00  0.000000e+00  0.000000e+00  0.000000e+00  0.000000e+00  1
Y 1 1 0  -1.830292e+01 -2.169759e+01  0.000000e+00  0.000000e+00  0.000000e+00  0.000000e+00  0.000000e+00  2
Y 1 1 1   4.679491e+02  0.000000e+00  0.000000e+00  0.000000e+00  0.000000e+00  0.000000e+00  0.000000e+00  1
Y 1 2 0  -2.689303e+01  0.000000e+00  0.000000e+00  0.000000e+00  0.000000e+00  0.000000e+00  0.000000e+00  1
Y 2 0 0   1.507189e+01 -8.555996e-01 -2.400184e+01  0.000000e+00  0.000000e+00  0.000000e+00  0.000000e+00  3
Y 2 0 1  -8.711843e+01  0.000000e+00  0.000000e+00  0.000000e+00  0.000000e+00  0.000000e+00  0.000000e+00  1
Y 2 1 0   7.120162e+02  0.000000e+00  0.000000e+00  0.000000e+00  0.000000e+00  0.000000e+00  0.000000e+00  1
L 0 0 0 0  24.216
L 0 1 0 0 -13.1041
L 0 2 0 0  20.8672
L 0 1 1 0  -1.8728
L 1 0 0 0   0.0482
L 2 0 0 0   0.0675
L 1 0 0 1   0.0281
L 1 1 0 0   2.4314
L 0 0 0 1   0.1408
L 1 0 1 0  -0.0845
L 0 0 0 2   9.3063
L 0 0 2 0   6.3451
L 0 0 1 1  -7.7394
L 0 0 1 0  -0.1443
L 0 1 0 1   1.7292
