############# RIGHT VDCS  ###################
No of Crate, Slot, First, Last chans
[ R.vdc.u1 ]
1       10       0       95
1       12       0       95
1       13       0       95
1       14       0       79
  0.0  0.77852 -0.0042426 -45.0                  z, wbeg, wspac, wangle (m)
5.000e4                                        Drift velocity (m/s)
  TDC Offset Values
   1 1399.8    2 1399.8    3 1399.8    4 1399.8    5 1399.8    6 1399.8    7 1399.8    8 1399.8
   9 1399.8   10 1399.8   11 1399.8   12 1399.8   13 1399.8   14 1399.8   15 1399.8   16 1399.8
  17 1387.8   18 1387.8   19 1387.8   20 1387.8   21 1387.8   22 1387.8   23 1387.8   24 1387.8
  25 1387.8   26 1387.8   27 1387.8   28 1387.8   29 1387.8   30 1387.8   31 1387.8   32 1387.8
  33 1399.8   34 1399.8   35 1399.8   36 1399.8   37 1399.8   38 1399.8   39 1399.8   40 1399.8
  41 1399.8   42 1399.8   43 1399.8   44 1399.8   45 1399.8   46 1399.8   47 1399.8   48 1399.8
  49 1401.8   50 1401.8   51 1401.8   52 1401.8   53 1401.8   54 1401.8   55 1401.8   56 1401.8
  57 1401.8   58 1401.8   59 1401.8   60 1401.8   61 1401.8   62 1401.8   63 1401.8   64 1401.8
  65 1403.8   66 1403.8   67 1403.8   68 1403.8   69 1403.8   70 1403.8   71 1403.8   72 1403.8
  73 1403.8   74 1403.8   75 1403.8   76 1403.8   77 1403.8   78 1403.8   79 1403.8   80 1403.8
  81 1399.8   82 1399.8   83 1399.8   84 1399.8   85 1399.8   86 1399.8   87 1399.8   88 1399.8
  89 1399.8   90 1399.8   91 1399.8   92 1399.8   93 1399.8   94 1399.8   95 1399.8   96 1399.8
  97 1404.8   98 1404.8   99 1404.8  100 1404.8  101 1404.8  102 1404.8  103 1404.8  104 1404.8
 105 1404.8  106 1404.8  107 1404.8  108 1404.8  109 1404.8  110 1404.8  111 1404.8  112 1404.8
 113 1403.8  114 1403.8  115 1403.8  116 1403.8  117 1403.8  118 1403.8  119 1403.8  120 1403.8
 121 1403.8  122 1403.8  123 1403.8  124 1403.8  125 1403.8  126 1403.8  127 1403.8  128 1403.8
 129 1404.8  130 1404.8  131 1404.8  132 1404.8  133 1404.8  134 1404.8  135 1404.8  136 1404.8
 137 1404.8  138 1404.8  139 1404.8  140 1404.8  141 1404.8  142 1404.8  143 1404.8  144 1404.8
 145 1400.8  146 1400.8  147 1400.8  148 1400.8  149 1400.8  150 1400.8  151 1400.8  152 1400.8
 153 1400.8  154 1400.8  155 1400.8  156 1400.8  157 1400.8  158 1400.8  159 1400.8  160 1400.8
 161 1402.8  162 1402.8  163 1402.8  164 1402.8  165 1402.8  166 1402.8  167 1402.8  168 1402.8
 169 1402.8  170 1402.8  171 1402.8  172 1402.8  173 1402.8  174 1402.8  175 1402.8  176 1402.8
 177 1402.8  178 1402.8  179 1402.8  180 1402.8  181 1402.8  182 1402.8  183 1402.8  184 1402.8
 185 1402.8  186 1402.8  187 1402.8  188 1402.8  189 1402.8  190 1402.8  191 1402.8  192 1402.8
 193 1406.8  194 1406.8  195 1406.8  196 1406.8  197 1406.8  198 1406.8  199 1406.8  200 1406.8
 201 1406.8  202 1406.8  203 1406.8  204 1406.8  205 1406.8  206 1406.8  207 1406.8  208 1406.8
 209 1405.8  210 1405.8  211 1405.8  212 1405.8  213 1405.8  214 1405.8  215 1405.8  216 1405.8
 217 1405.8  218 1405.8  219 1405.8  220 1405.8  221 1405.8  222 1405.8  223 1405.8  224 1405.8
 225 1406.8  226 1406.8  227 1406.8  228 1406.8  229 1406.8  230 1406.8  231 1406.8  232 1406.8
 233 1406.8  234 1406.8  235 1406.8  236 1406.8  237 1406.8  238 1406.8  239 1406.8  240 1406.8
 241 1404.8  242 1404.8  243 1404.8  244 1404.8  245 1404.8  246 1404.8  247 1404.8  248 1404.8
 249 1404.8  250 1404.8  251 1404.8  252 1404.8  253 1404.8  254 1404.8  255 1404.8  256 1404.8
 257 1406.8  258 1406.8  259 1406.8  260 1406.8  261 1406.8  262 1406.8  263 1406.8  264 1406.8
 265 1406.8  266 1406.8  267 1406.8  268 1406.8  269 1406.8  270 1406.8  271 1406.8  272 1406.8
 273 1404.8  274 1404.8  275 1404.8  276 1404.8  277 1404.8  278 1404.8  279 1404.8  280 1404.8
 281 1404.8  282 1404.8  283 1404.8  284 1404.8  285 1404.8  286 1404.8  287 1404.8  288 1404.8
 289 1409.8  290 1409.8  291 1409.8  292 1409.8  293 1409.8  294 1409.8  295 1409.8  296 1409.8
 297 1409.8  298 1409.8  299 1409.8  300 1409.8  301 1409.8  302 1409.8  303 1409.8  304 1409.8
 305 1408.8  306 1408.8  307 1408.8  308 1408.8  309 1408.8  310 1408.8  311 1408.8  312 1408.8
 313 1408.8  314 1408.8  315 1408.8  316 1408.8  317 1408.8  318 1408.8  319 1408.8  320 1408.8
 321 1406.8  322 1406.8  323 1406.8  324 1406.8  325 1406.8  326 1406.8  327 1406.8  328 1406.8
 329 1406.8  330 1406.8  331 1406.8  332 1406.8  333 1406.8  334 1406.8  335 1406.8  336 1406.8
 337 1405.8  338 1405.8  339 1405.8  340 1405.8  341 1405.8  342 1405.8  343 1405.8  344 1405.8
 345 1405.8  346 1405.8  347 1405.8  348 1405.8  349 1405.8  350 1405.8  351 1405.8  352 1405.8
 353 1405.8  354 1405.8  355 1405.8  356 1405.8  357 1405.8  358 1405.8  359 1405.8  360 1405.8
 361 1405.8  362 1405.8  363 1405.8  364 1405.8  365 1405.8  366 1405.8  367 1405.8  368 1405.8
  [ R.vdc.v1 ]
  2       7       0         95
  2       8       0         95
  2      10       0         15      	
  2       9      16         95
  2      10      16         79
  0.026  0.77852 -0.0042426 45.0                 z, wbeg, wspac, wangle (m)
4.971e4                                        Drift velocity (m/s)
  TDC Offset Values
   1 1393.8    2 1393.8    3 1393.8    4 1393.8    5 1393.8    6 1393.8    7 1393.8    8 1393.8
   9 1393.8   10 1393.8   11 1393.8   12 1393.8   13 1393.8   14 1393.8   15 1393.8   16 1393.8
  17 1392.8   18 1392.8   19 1392.8   20 1392.8   21 1392.8   22 1392.8   23 1392.8   24 1392.8
  25 1392.8   26 1392.8   27 1392.8   28 1392.8   29 1392.8   30 1392.8   31 1392.8   32 1392.8
  33 1391.8   34 1391.8   35 1391.8   36 1391.8   37 1391.8   38 1391.8   39 1391.8   40 1391.8
  41 1391.8   42 1391.8   43 1391.8   44 1391.8   45 1391.8   46 1391.8   47 1391.8   48 1391.8
  49 1395.8   50 1395.8   51 1395.8   52 1395.8   53 1395.8   54 1395.8   55 1395.8   56 1395.8
  57 1395.8   58 1395.8   59 1395.8   60 1395.8   61 1395.8   62 1395.8   63 1395.8   64 1395.8
  65 1394.8   66 1394.8   67 1394.8   68 1394.8   69 1394.8   70 1394.8   71 1394.8   72 1394.8
  73 1394.8   74 1394.8   75 1394.8   76 1394.8   77 1394.8   78 1394.8   79 1394.8   80 1394.8
  81 1394.8   82 1394.8   83 1394.8   84 1394.8   85 1394.8   86 1394.8   87 1394.8   88 1394.8
  89 1394.8   90 1394.8   91 1394.8   92 1394.8   93 1394.8   94 1394.8   95 1394.8   96 1394.8
  97 1397.8   98 1397.8   99 1397.8  100 1397.8  101 1397.8  102 1397.8  103 1397.8  104 1397.8
 105 1397.8  106 1397.8  107 1397.8  108 1397.8  109 1397.8  110 1397.8  111 1397.8  112 1397.8
 113 1396.8  114 1396.8  115 1396.8  116 1396.8  117 1396.8  118 1396.8  119 1396.8  120 1396.8
 121 1396.8  122 1396.8  123 1396.8  124 1396.8  125 1396.8  126 1396.8  127 1396.8  128 1396.8
 129 1392.8  130 1392.8  131 1392.8  132 1392.8  133 1392.8  134 1392.8  135 1392.8  136 1392.8
 137 1392.8  138 1392.8  139 1392.8  140 1392.8  141 1392.8  142 1392.8  143 1392.8  144 1392.8
 145 1391.8  146 1391.8  147 1391.8  148 1391.8  149 1391.8  150 1391.8  151 1391.8  152 1391.8
 153 1391.8  154 1391.8  155 1391.8  156 1391.8  157 1391.8  158 1391.8  159 1391.8  160 1391.8
 161 1395.8  162 1395.8  163 1395.8  164 1395.8  165 1395.8  166 1395.8  167 1395.8  168 1395.8
 169 1395.8  170 1395.8  171 1395.8  172 1395.8  173 1395.8  174 1395.8  175 1395.8  176 1395.8
 177 1393.8  178 1393.8  179 1393.8  180 1393.8  181 1393.8  182 1393.8  183 1393.8  184 1393.8
 185 1393.8  186 1393.8  187 1393.8  188 1393.8  189 1393.8  190 1393.8  191 1393.8  192 1393.8
 193 1400.8  194 1400.8  195 1400.8  196 1400.8  197 1400.8  198 1400.8  199 1400.8  200 1400.8
 201 1400.8  202 1400.8  203 1400.8  204 1400.8  205 1400.8  206 1400.8  207 1400.8  208 1400.8
 209 1398.8  210 1398.8  211 1398.8  212 1398.8  213 1398.8  214 1398.8  215 1398.8  216 1398.8
 217 1398.8  218 1398.8  219 1398.8  220 1398.8  221 1398.8  222 1398.8  223 1398.8  224 1398.8
 225 1399.8  226 1399.8  227 1399.8  228 1399.8  229 1399.8  230 1399.8  231 1399.8  232 1399.8
 233 1399.8  234 1399.8  235 1399.8  236 1399.8  237 1399.8  238 1399.8  239 1399.8  240 1399.8
 241 1395.8  242 1395.8  243 1395.8  244 1395.8  245 1395.8  246 1395.8  247 1395.8  248 1395.8
 249 1395.8  250 1395.8  251 1395.8  252 1395.8  253 1395.8  254 1395.8  255 1395.8  256 1395.8
 257 1398.8  258 1398.8  259 1398.8  260 1398.8  261 1398.8  262 1398.8  263 1398.8  264 1398.8
 265 1398.8  266 1398.8  267 1398.8  268 1398.8  269 1398.8  270 1398.8  271 1398.8  272 1398.8
 273 1396.8  274 1396.8  275 1396.8  276 1396.8  277 1396.8  278 1396.8  279 1396.8  280 1396.8
 281 1396.8  282 1396.8  283 1396.8  284 1396.8  285 1396.8  286 1396.8  287 1396.8  288 1396.8
 289 1402.8  290 1402.8  291 1402.8  292 1402.8  293 1402.8  294 1402.8  295 1402.8  296 1402.8
 297 1402.8  298 1402.8  299 1402.8  300 1402.8  301 1402.8  302 1402.8  303 1402.8  304 1402.8
 305 1398.8  306 1398.8  307 1398.8  308 1398.8  309 1398.8  310 1398.8  311 1398.8  312 1398.8
 313 1398.8  314 1398.8  315 1398.8  316 1398.8  317 1398.8  318 1398.8  319 1398.8  320 1398.8
 321 1397.8  322 1397.8  323 1397.8  324 1397.8  325 1397.8  326 1397.8  327 1397.8  328 1397.8
 329 1397.8  330 1397.8  331 1397.8  332 1397.8  333 1397.8  334 1397.8  335 1397.8  336 1397.8
 337 1397.8  338 1397.8  339 1397.8  340 1397.8  341 1397.8  342 1397.8  343 1397.8  344 1397.8
 345 1397.8  346 1397.8  347 1397.8  348 1397.8  349 1397.8  350 1397.8  351 1397.8  352 1397.8
 353 1397.8  354 1397.8  355 1397.8  356 1397.8  357 1397.8  358 1397.8  359 1397.8  360 1397.8
 361 1397.8  362 1397.8  363 1397.8  364 1397.8  365 1397.8  366 1397.8  367 1397.8  368 1397.8
  [ R.vdc.u2 ]
  1      6       0          95
  1      7       0          95
  1      8       0          95
  1      9       0          79
  0.3327 1.02793  -0.0042426 -45.0               z, wbeg, wspac,, wangle (m)
4.953e4                                        Drift velocity (m/s)
  TDC Offset Values
   1 1395.8    2 1395.8    3 1395.8    4 1395.8    5 1395.8    6 1395.8    7 1395.8    8 1395.8
   9 1395.8   10 1395.8   11 1395.8   12 1395.8   13 1395.8   14 1395.8   15 1395.8   16 1395.8
  17 1392.8   18 1392.8   19 1392.8   20 1392.8   21 1392.8   22 1392.8   23 1392.8   24 1392.8
  25 1392.8   26 1392.8   27 1392.8   28 1392.8   29 1392.8   30 1392.8   31 1392.8   32 1392.8
  33 1394.8   34 1394.8   35 1394.8   36 1394.8   37 1394.8   38 1394.8   39 1394.8   40 1394.8
  41 1394.8   42 1394.8   43 1394.8   44 1394.8   45 1394.8   46 1394.8   47 1394.8   48 1394.8
  49 1395.8   50 1395.8   51 1395.8   52 1395.8   53 1395.8   54 1395.8   55 1395.8   56 1395.8
  57 1395.8   58 1395.8   59 1395.8   60 1395.8   61 1395.8   62 1395.8   63 1395.8   64 1395.8
  65 1394.8   66 1394.8   67 1394.8   68 1394.8   69 1394.8   70 1394.8   71 1394.8   72 1394.8
  73 1394.8   74 1394.8   75 1394.8   76 1394.8   77 1394.8   78 1394.8   79 1394.8   80 1394.8
  81 1396.8   82 1396.8   83 1396.8   84 1396.8   85 1396.8   86 1396.8   87 1396.8   88 1396.8
  89 1396.8   90 1396.8   91 1396.8   92 1396.8   93 1396.8   94 1396.8   95 1396.8   96 1396.8
  97 1398.8   98 1398.8   99 1398.8  100 1398.8  101 1398.8  102 1398.8  103 1398.8  104 1398.8
 105 1398.8  106 1398.8  107 1398.8  108 1398.8  109 1398.8  110 1398.8  111 1398.8  112 1398.8
 113 1396.8  114 1396.8  115 1396.8  116 1396.8  117 1396.8  118 1396.8  119 1396.8  120 1396.8
 121 1396.8  122 1396.8  123 1396.8  124 1396.8  125 1396.8  126 1396.8  127 1396.8  128 1396.8
 129 1395.8  130 1395.8  131 1395.8  132 1395.8  133 1395.8  134 1395.8  135 1395.8  136 1395.8
 137 1395.8  138 1395.8  139 1395.8  140 1395.8  141 1395.8  142 1395.8  143 1395.8  144 1395.8
 145 1393.8  146 1393.8  147 1393.8  148 1393.8  149 1393.8  150 1393.8  151 1393.8  152 1393.8
 153 1393.8  154 1393.8  155 1393.8  156 1393.8  157 1393.8  158 1393.8  159 1393.8  160 1393.8
 161 1393.8  162 1393.8  163 1393.8  164 1393.8  165 1393.8  166 1393.8  167 1393.8  168 1393.8
 169 1393.8  170 1393.8  171 1393.8  172 1393.8  173 1393.8  174 1393.8  175 1393.8  176 1393.8
 177 1393.8  178 1393.8  179 1393.8  180 1393.8  181 1393.8  182 1393.8  183 1393.8  184 1393.8
 185 1393.8  186 1393.8  187 1393.8  188 1393.8  189 1393.8  190 1393.8  191 1393.8  192 1393.8
 193 1398.8  194 1398.8  195 1398.8  196 1398.8  197 1398.8  198 1398.8  199 1398.8  200 1398.8
 201 1398.8  202 1398.8  203 1398.8  204 1398.8  205 1398.8  206 1398.8  207 1398.8  208 1398.8
 209 1398.8  210 1398.8  211 1398.8  212 1398.8  213 1398.8  214 1398.8  215 1398.8  216 1398.8
 217 1398.8  218 1398.8  219 1398.8  220 1398.8  221 1398.8  222 1398.8  223 1398.8  224 1398.8
 225 1400.8  226 1400.8  227 1400.8  228 1400.8  229 1400.8  230 1400.8  231 1400.8  232 1400.8
 233 1400.8  234 1400.8  235 1400.8  236 1400.8  237 1400.8  238 1400.8  239 1400.8  240 1400.8
 241 1395.8  242 1395.8  243 1395.8  244 1395.8  245 1395.8  246 1395.8  247 1395.8  248 1395.8
 249 1395.8  250 1395.8  251 1395.8  252 1395.8  253 1395.8  254 1395.8  255 1395.8  256 1395.8
 257 1398.8  258 1398.8  259 1398.8  260 1398.8  261 1398.8  262 1398.8  263 1398.8  264 1398.8
 265 1398.8  266 1398.8  267 1398.8  268 1398.8  269 1398.8  270 1398.8  271 1398.8  272 1398.8
 273 1384.8  274 1384.8  275 1384.8  276 1384.8  277 1384.8  278 1384.8  279 1384.8  280 1384.8
 281 1384.8  282 1384.8  283 1384.8  284 1384.8  285 1384.8  286 1384.8  287 1384.8  288 1384.8
 289 1387.8  290 1387.8  291 1387.8  292 1387.8  293 1387.8  294 1387.8  295 1387.8  296 1387.8
 297 1387.8  298 1387.8  299 1387.8  300 1387.8  301 1387.8  302 1387.8  303 1387.8  304 1387.8
 305 1400.8  306 1400.8  307 1400.8  308 1400.8  309 1400.8  310 1400.8  311 1400.8  312 1400.8
 313 1400.8  314 1400.8  315 1400.8  316 1400.8  317 1400.8  318 1400.8  319 1400.8  320 1400.8
 321 1400.8  322 1400.8  323 1400.8  324 1400.8  325 1400.8  326 1400.8  327 1400.8  328 1400.8
 329 1400.8  330 1400.8  331 1400.8  332 1400.8  333 1400.8  334 1400.8  335 1400.8  336 1400.8
 337 1398.8  338 1398.8  339 1398.8  340 1398.8  341 1398.8  342 1398.8  343 1398.8  344 1398.8
 345 1398.8  346 1398.8  347 1398.8  348 1398.8  349 1398.8  350 1398.8  351 1398.8  352 1398.8
 353 1397.8  354 1397.8  355 1397.8  356 1397.8  357 1397.8  358 1397.8  359 1397.8  360 1397.8
 361 1397.8  362 1397.8  363 1397.8  364 1397.8  365 1397.8  366 1397.8  367 1397.8  368 1397.8
  [ R.vdc.v2 ]
  2       3       0         95
  2       4       0         95
  2       5       0         95
  2       6       0         79
  0.3587 1.02793 -0.0042426 45.0                 z, wbeg, wspac, wangle (m)   
4.948e4                                        Drift velocity (m/s)
  TDC Offset Values
   1 1385.8    2 1385.8    3 1385.8    4 1385.8    5 1385.8    6 1385.8    7 1385.8    8 1385.8
   9 1385.8   10 1385.8   11 1385.8   12 1385.8   13 1385.8   14 1385.8   15 1385.8   16 1385.8
  17 1383.8   18 1383.8   19 1383.8   20 1383.8   21 1383.8   22 1383.8   23 1383.8   24 1383.8
  25 1383.8   26 1383.8   27 1383.8   28 1383.8   29 1383.8   30 1383.8   31 1383.8   32 1383.8
  33 1386.8   34 1386.8   35 1386.8   36 1386.8   37 1386.8   38 1386.8   39 1386.8   40 1386.8
  41 1386.8   42 1386.8   43 1386.8   44 1386.8   45 1386.8   46 1386.8   47 1386.8   48 1386.8
  49 1386.8   50 1386.8   51 1386.8   52 1386.8   53 1386.8   54 1386.8   55 1386.8   56 1386.8
  57 1386.8   58 1386.8   59 1386.8   60 1386.8   61 1386.8   62 1386.8   63 1386.8   64 1386.8
  65 1388.8   66 1388.8   67 1388.8   68 1388.8   69 1388.8   70 1388.8   71 1388.8   72 1388.8
  73 1388.8   74 1388.8   75 1388.8   76 1388.8   77 1388.8   78 1388.8   79 1388.8   80 1388.8
  81 1385.8   82 1385.8   83 1385.8   84 1385.8   85 1385.8   86 1385.8   87 1385.8   88 1385.8
  89 1385.8   90 1385.8   91 1385.8   92 1385.8   93 1385.8   94 1385.8   95 1385.8   96 1385.8
  97 1393.8   98 1393.8   99 1393.8  100 1393.8  101 1393.8  102 1393.8  103 1393.8  104 1393.8
 105 1393.8  106 1393.8  107 1393.8  108 1393.8  109 1393.8  110 1393.8  111 1393.8  112 1393.8
 113 1387.8  114 1387.8  115 1387.8  116 1387.8  117 1387.8  118 1387.8  119 1387.8  120 1387.8
 121 1387.8  122 1387.8  123 1387.8  124 1387.8  125 1387.8  126 1387.8  127 1387.8  128 1387.8
 129 1387.8  130 1387.8  131 1387.8  132 1387.8  133 1387.8  134 1387.8  135 1387.8  136 1387.8
 137 1387.8  138 1387.8  139 1387.8  140 1387.8  141 1387.8  142 1387.8  143 1387.8  144 1387.8
 145 1387.8  146 1387.8  147 1387.8  148 1387.8  149 1387.8  150 1387.8  151 1387.8  152 1387.8
 153 1387.8  154 1387.8  155 1387.8  156 1387.8  157 1387.8  158 1387.8  159 1387.8  160 1387.8
 161 1387.8  162 1387.8  163 1387.8  164 1387.8  165 1387.8  166 1387.8  167 1387.8  168 1387.8
 169 1387.8  170 1387.8  171 1387.8  172 1387.8  173 1387.8  174 1387.8  175 1387.8  176 1387.8
 177 1387.8  178 1387.8  179 1387.8  180 1387.8  181 1387.8  182 1387.8  183 1387.8  184 1387.8
 185 1387.8  186 1387.8  187 1387.8  188 1387.8  189 1387.8  190 1387.8  191 1387.8  192 1387.8
 193 1392.8  194 1392.8  195 1392.8  196 1392.8  197 1392.8  198 1392.8  199 1392.8  200 1392.8
 201 1392.8  202 1392.8  203 1392.8  204 1392.8  205 1392.8  206 1392.8  207 1392.8  208 1392.8
 209 1391.8  210 1391.8  211 1391.8  212 1391.8  213 1391.8  214 1391.8  215 1391.8  216 1391.8
 217 1391.8  218 1391.8  219 1391.8  220 1391.8  221 1391.8  222 1391.8  223 1391.8  224 1391.8
 225 1394.8  226 1394.8  227 1394.8  228 1394.8  229 1394.8  230 1394.8  231 1394.8  232 1394.8
 233 1394.8  234 1394.8  235 1394.8  236 1394.8  237 1394.8  238 1394.8  239 1394.8  240 1394.8
 241 1390.8  242 1390.8  243 1390.8  244 1390.8  245 1390.8  246 1390.8  247 1390.8  248 1390.8
 249 1390.8  250 1390.8  251 1390.8  252 1390.8  253 1390.8  254 1390.8  255 1390.8  256 1390.8
 257 1391.8  258 1391.8  259 1391.8  260 1391.8  261 1391.8  262 1391.8  263 1391.8  264 1391.8
 265 1391.8  266 1391.8  267 1391.8  268 1391.8  269 1391.8  270 1391.8  271 1391.8  272 1391.8
 273 1388.8  274 1388.8  275 1388.8  276 1388.8  277 1388.8  278 1388.8  279 1388.8  280 1388.8
 281 1388.8  282 1388.8  283 1388.8  284 1388.8  285 1388.8  286 1388.8  287 1388.8  288 1388.8
 289 1397.8  290 1397.8  291 1397.8  292 1397.8  293 1397.8  294 1397.8  295 1397.8  296 1397.8
 297 1397.8  298 1397.8  299 1397.8  300 1397.8  301 1397.8  302 1397.8  303 1397.8  304 1397.8
 305 1396.8  306 1396.8  307 1396.8  308 1396.8  309 1396.8  310 1396.8  311 1396.8  312 1396.8
 313 1396.8  314 1396.8  315 1396.8  316 1396.8  317 1396.8  318 1396.8  319 1396.8  320 1396.8
 321 1394.8  322 1394.8  323 1394.8  324 1394.8  325 1394.8  326 1394.8  327 1394.8  328 1394.8
 329 1394.8  330 1394.8  331 1394.8  332 1394.8  333 1394.8  334 1394.8  335 1394.8  336 1394.8
 337 1392.8  338 1392.8  339 1392.8  340 1392.8  341 1392.8  342 1392.8  343 1392.8  344 1392.8
 345 1392.8  346 1392.8  347 1392.8  348 1392.8  349 1392.8  350 1392.8  351 1392.8  352 1392.8
 353 1395.8  354 1395.8  355 1395.8  356 1395.8  357 1395.8  358 1395.8  359 1395.8  360 1395.8
 361 1395.8  362 1395.8  363 1395.8  364 1395.8  365 1395.8  366 1395.8  367 1395.8  368 1395.8

##### Analysis control parameters #####
[ R.extra_param ]
5.0e-10   30e-9              TDC scale (s/chan), t0 resolution (s)
3  7  1  500  1600 35e-9 250.0e-9 min_clust_size, max_clust_span, max_gap, min_time, max_time,  mindiff time (ns), maxdiff time (ns)
2.12e-3 0.0 0.0 0.0 -4.2e-4 1.3e-3 1.06e-4 0.0 4e-9    AnalyticTTD parameters
2.118  0.16     VDC size parameters (height width)






# Optimized by Jin Huang @ Tue Sep  7 01:24:15 2010
# Saved to ArchivedRootFiles/SieveCentralRHRS/db_R.vdc.dat.3.Dp.xLinear
[ R.global ]  
0.3348 1 0.0 269.8 0.0 -1.6e-03           VDC Angle, Plane Spacing, Gamma Coefficents   
matrix elements   
t 0 0 0  -1.003100e+00 -3.500200e-01 -4.878100e-02  0.000000e+00  0.000000e+00  0.000000e+00  0.000000e+00  0
y 0 0 0  -6.725700e-03 -1.141500e-02 -3.353800e-03  0.000000e+00  0.000000e+00  0.000000e+00  0.000000e+00  0
p 0 0 0  -2.492000e-03 -2.014700e-02 -1.291400e-02  0.000000e+00  0.000000e+00  0.000000e+00  0.000000e+00  0
D 0 0 0  -1.600845e-03  7.430727e-02  1.032800e-02  1.029100e-03 -3.844200e-03  0.000000e+00  0.000000e+00  2
D 0 0 1  -6.962300e-04  1.697200e-02 -6.017900e-02  0.000000e+00  0.000000e+00  0.000000e+00  0.000000e+00  0
D 0 0 2   1.061300e+00 -9.148900e-01  0.000000e+00  0.000000e+00  0.000000e+00  0.000000e+00  0.000000e+00  0
D 0 0 3  -6.392100e+00  0.000000e+00  0.000000e+00  0.000000e+00  0.000000e+00  0.000000e+00  0.000000e+00  0
D 0 1 0  -8.788700e-03 -5.888200e-03  1.931300e-02  0.000000e+00  0.000000e+00  0.000000e+00  0.000000e+00  0
D 0 1 1  -1.149200e+00 -1.379000e+00  5.069400e-01  0.000000e+00  0.000000e+00  0.000000e+00  0.000000e+00  0
D 0 1 2  -8.496800e+00  0.000000e+00  0.000000e+00  0.000000e+00  0.000000e+00  0.000000e+00  0.000000e+00  0
D 0 2 0   6.500800e-01  9.403000e-01  0.000000e+00  0.000000e+00  0.000000e+00  0.000000e+00  0.000000e+00  0
D 0 2 1   2.169900e+01  0.000000e+00  0.000000e+00  0.000000e+00  0.000000e+00  0.000000e+00  0.000000e+00  0
D 0 3 0  -7.716600e+00  0.000000e+00  0.000000e+00  0.000000e+00  0.000000e+00  0.000000e+00  0.000000e+00  0
D 0 4 0   4.256300e+01  0.000000e+00  0.000000e+00  0.000000e+00  0.000000e+00  0.000000e+00  0.000000e+00  0
D 0 5 0   2.563600e+03  0.000000e+00  0.000000e+00  0.000000e+00  0.000000e+00  0.000000e+00  0.000000e+00  0
D 1 0 0  -5.596500e-03  2.561900e-01  1.442300e-02 -7.105100e-02  0.000000e+00  0.000000e+00  0.000000e+00  0
D 1 0 1  -1.012900e+00  1.691700e+00 -3.055700e+00  0.000000e+00  0.000000e+00  0.000000e+00  0.000000e+00  0
D 1 0 2   4.753400e+01  2.813400e+01  0.000000e+00  0.000000e+00  0.000000e+00  0.000000e+00  0.000000e+00  0
D 1 1 0   9.302100e-01 -9.245400e-03  3.251000e+00  0.000000e+00  0.000000e+00  0.000000e+00  0.000000e+00  0
D 1 1 1  -1.147000e+01 -1.083200e+02  0.000000e+00  0.000000e+00  0.000000e+00  0.000000e+00  0.000000e+00  0
D 1 2 0  -3.167800e+01  5.529000e+01  0.000000e+00  0.000000e+00  0.000000e+00  0.000000e+00  0.000000e+00  0
D 1 3 0   5.468200e+02  0.000000e+00  0.000000e+00  0.000000e+00  0.000000e+00  0.000000e+00  0.000000e+00  0
D 1 4 0  -1.233200e+04  0.000000e+00  0.000000e+00  0.000000e+00  0.000000e+00  0.000000e+00  0.000000e+00  0
D 2 0 0  -2.172900e+00  1.879200e+00  1.469400e-01  0.000000e+00  0.000000e+00  0.000000e+00  0.000000e+00  0
D 2 0 1   6.298300e+00  5.307400e+01  0.000000e+00  0.000000e+00  0.000000e+00  0.000000e+00  0.000000e+00  0
D 2 1 0   5.414100e+01 -7.153600e+01  0.000000e+00  0.000000e+00  0.000000e+00  0.000000e+00  0.000000e+00  0
D 2 2 0  -1.426500e+03  0.000000e+00  0.000000e+00  0.000000e+00  0.000000e+00  0.000000e+00  0.000000e+00  0
D 2 3 0  -1.868600e+04  0.000000e+00  0.000000e+00  0.000000e+00  0.000000e+00  0.000000e+00  0.000000e+00  0
D 3 0 0   4.364000e+01  1.433800e+01  0.000000e+00  0.000000e+00  0.000000e+00  0.000000e+00  0.000000e+00  0
D 3 1 0  -2.972400e+03  0.000000e+00  0.000000e+00  0.000000e+00  0.000000e+00  0.000000e+00  0.000000e+00  0
D 3 2 0   9.107700e+04  0.000000e+00  0.000000e+00  0.000000e+00  0.000000e+00  0.000000e+00  0.000000e+00  0
D 4 0 0   3.021500e+03  0.000000e+00  0.000000e+00  0.000000e+00  0.000000e+00  0.000000e+00  0.000000e+00  0
D 4 1 0  -1.154500e+03  0.000000e+00  0.000000e+00  0.000000e+00  0.000000e+00  0.000000e+00  0.000000e+00  0
D 5 0 0  -9.496600e+03  0.000000e+00  0.000000e+00  0.000000e+00  0.000000e+00  0.000000e+00  0.000000e+00  0
T 0 0 0  -1.524427e-03  4.630632e-04  9.531179e-03  3.436756e-03  0.000000e+00  0.000000e+00  0.000000e+00  4
T 1 0 0  -2.275070e+00  3.519140e-01 -3.889536e-02  1.356695e-01  0.000000e+00  0.000000e+00  0.000000e+00  4
T 2 0 0  -8.040642e+00  2.227699e+00 -1.753096e+01  0.000000e+00  0.000000e+00  0.000000e+00  0.000000e+00  3
T 3 0 0   4.782184e+02 -4.198359e+01  0.000000e+00  0.000000e+00  0.000000e+00  0.000000e+00  0.000000e+00  2
T 4 0 0   1.078802e+04  3.728998e+03  0.000000e+00  0.000000e+00  0.000000e+00  0.000000e+00  0.000000e+00  2
T 0 0 2  -3.537534e+00 -4.769982e+00  1.559000e+00  0.000000e+00  0.000000e+00  0.000000e+00  0.000000e+00  3
T 0 2 0   1.323659e+00 -3.449707e-01 -8.844811e-01  0.000000e+00  0.000000e+00  0.000000e+00  0.000000e+00  3
T 1 2 0  -1.451490e+02  7.611703e+00  0.000000e+00  0.000000e+00  0.000000e+00  0.000000e+00  0.000000e+00  2
T 1 0 2   5.145881e+01 -1.936990e+02  0.000000e+00  0.000000e+00  0.000000e+00  0.000000e+00  0.000000e+00  2
T 2 2 0  -4.074522e+03  1.467800e+04  0.000000e+00  0.000000e+00  0.000000e+00  0.000000e+00  0.000000e+00  2
T 2 0 2   3.016932e+04  8.167723e+04  0.000000e+00  0.000000e+00  0.000000e+00  0.000000e+00  0.000000e+00  2
T 0 2 2  -2.952824e+03  5.287074e+03  0.000000e+00  0.000000e+00  0.000000e+00  0.000000e+00  0.000000e+00  2
T 3 2 0   4.527145e+05  0.000000e+00  0.000000e+00  0.000000e+00  0.000000e+00  0.000000e+00  0.000000e+00  1
T 3 0 2  -6.712146e+05  0.000000e+00  0.000000e+00  0.000000e+00  0.000000e+00  0.000000e+00  0.000000e+00  1
T 0 1 0  -3.683467e-02 -2.749987e-02 -5.404440e-02  0.000000e+00  0.000000e+00  0.000000e+00  0.000000e+00  3
T 0 0 1   6.275436e-02  2.049583e-02  1.660609e-02  0.000000e+00  0.000000e+00  0.000000e+00  0.000000e+00  3
T 1 1 0   1.852480e+01  3.156651e+00  7.721206e+00  0.000000e+00  0.000000e+00  0.000000e+00  0.000000e+00  3
T 1 0 1  -2.602027e+01  5.476272e+00  2.814375e+00  0.000000e+00  0.000000e+00  0.000000e+00  0.000000e+00  3
T 0 1 1   2.746284e-01  7.163625e+00 -6.041510e+00  0.000000e+00  0.000000e+00  0.000000e+00  0.000000e+00  3
T 2 1 0   2.127134e+02  9.897001e+01  1.432251e+03  0.000000e+00  0.000000e+00  0.000000e+00  0.000000e+00  3
T 2 0 1  -2.272567e+02 -5.250559e+02 -9.029675e+02  0.000000e+00  0.000000e+00  0.000000e+00  0.000000e+00  3
T 1 1 1   3.386336e+02  1.717281e+02 -7.124327e+02  0.000000e+00  0.000000e+00  0.000000e+00  0.000000e+00  3
T 2 1 1  -1.675181e+04 -7.843381e+04  0.000000e+00  0.000000e+00  0.000000e+00  0.000000e+00  0.000000e+00  2
T 3 1 0  -3.444345e+04 -5.609442e+03  0.000000e+00  0.000000e+00  0.000000e+00  0.000000e+00  0.000000e+00  2
T 3 0 1   3.993986e+04 -9.907524e+03  0.000000e+00  0.000000e+00  0.000000e+00  0.000000e+00  0.000000e+00  2
P 0 0 0  -1.860004e-03 -3.623125e-03  4.274027e-03  0.000000e+00  0.000000e+00  0.000000e+00  0.000000e+00  3
P 0 0 1  -1.265490e-02 -5.542155e-01  1.207567e-01  1.645181e-01  0.000000e+00  0.000000e+00  0.000000e+00  4
P 1 0 0  -1.992923e-02 -1.147604e-01 -1.026525e-01  0.000000e+00  0.000000e+00  0.000000e+00  0.000000e+00  3
P 0 1 0  -5.768147e-01  4.379224e-01 -6.113595e-02 -1.405636e-01  2.353832e-02  0.000000e+00  0.000000e+00  5
P 0 2 0  -1.015287e+00  4.181052e+00  1.583440e+00  0.000000e+00  0.000000e+00  0.000000e+00  0.000000e+00  3
P 0 0 2   1.965237e+00 -1.116183e+00 -3.041743e+00  0.000000e+00  0.000000e+00  0.000000e+00  0.000000e+00  3
P 2 0 0   1.308375e+01 -8.710645e+00  5.672517e+00  0.000000e+00  0.000000e+00  0.000000e+00  0.000000e+00  3
P 0 1 1  -9.365199e-01 -5.994147e+00  5.334879e+00  0.000000e+00  0.000000e+00  0.000000e+00  0.000000e+00  3
P 0 1 2  -1.390784e+02 -3.855456e+02 -3.153223e+02  0.000000e+00  0.000000e+00  0.000000e+00  0.000000e+00  3
P 0 2 1   5.466711e+01 -1.377366e+02  4.924159e+02  0.000000e+00  0.000000e+00  0.000000e+00  0.000000e+00  3
P 1 1 0   5.788340e+00  1.098700e+01  5.179677e+00  0.000000e+00  0.000000e+00  0.000000e+00  0.000000e+00  3
P 1 0 1  -3.456441e+00 -1.088391e+01 -5.866757e+00  0.000000e+00  0.000000e+00  0.000000e+00  0.000000e+00  3
P 0 0 3   3.176449e+02  1.733191e+02  0.000000e+00  0.000000e+00  0.000000e+00  0.000000e+00  0.000000e+00  2
P 2 0 1   5.132032e+02 -2.607802e+02  0.000000e+00  0.000000e+00  0.000000e+00  0.000000e+00  0.000000e+00  2
P 2 1 0  -6.022175e+02  2.016180e+02 -1.026321e+02  0.000000e+00  0.000000e+00  0.000000e+00  0.000000e+00  3
P 3 0 1   1.457728e+04  3.652120e+04  0.000000e+00  0.000000e+00  0.000000e+00  0.000000e+00  0.000000e+00  2
P 3 1 0  -7.772011e+03 -3.507134e+04  0.000000e+00  0.000000e+00  0.000000e+00  0.000000e+00  0.000000e+00  2
P 3 1 1   3.203445e+05  0.000000e+00  0.000000e+00  0.000000e+00  0.000000e+00  0.000000e+00  0.000000e+00  1
P 4 0 1  -7.264027e+05  6.089738e+05  0.000000e+00  0.000000e+00  0.000000e+00  0.000000e+00  0.000000e+00  2
P 4 1 0   2.596431e+05  2.027441e+05  0.000000e+00  0.000000e+00  0.000000e+00  0.000000e+00  0.000000e+00  2
P 0 3 0   1.043688e+00 -4.535489e+01  9.968994e+00  0.000000e+00  0.000000e+00  0.000000e+00  0.000000e+00  3
P 1 1 1   1.223231e+01 -1.033302e+02 -1.627282e+02  0.000000e+00  0.000000e+00  0.000000e+00  0.000000e+00  3
P 1 2 1  -3.442829e+03  8.905264e+03  0.000000e+00  0.000000e+00  0.000000e+00  0.000000e+00  0.000000e+00  2
P 1 1 2   4.017730e+03 -9.148933e+03  0.000000e+00  0.000000e+00  0.000000e+00  0.000000e+00  0.000000e+00  2
P 2 1 1   4.446877e+03 -6.134717e+03  0.000000e+00  0.000000e+00  0.000000e+00  0.000000e+00  0.000000e+00  2
Y 0 0 0  -4.661385e-03  2.023974e-03  3.771986e-04 -3.637550e-03  4.430798e-03  0.000000e+00  0.000000e+00  5
Y 0 0 1   1.353122e+00  8.546664e-01 -1.178399e+00 -1.014071e+00  0.000000e+00  0.000000e+00  0.000000e+00  4
Y 0 0 2   2.869161e+01  1.252404e+01  7.535110e+00  1.418145e+02  0.000000e+00  0.000000e+00  0.000000e+00  4
Y 0 0 3  -2.061301e+03 -3.040363e+03  0.000000e+00  0.000000e+00  0.000000e+00  0.000000e+00  0.000000e+00  2
Y 0 1 0  -1.227906e-01 -1.537316e+00  3.319926e-01  1.589234e+00  0.000000e+00  0.000000e+00  0.000000e+00  4
Y 0 1 1  -1.002671e+00 -3.134016e+01 -4.973381e+01 -1.341959e+02  0.000000e+00  0.000000e+00  0.000000e+00  4
Y 0 1 2   9.310425e+02  6.397349e+03  5.845907e+03 -2.951872e+03  0.000000e+00  0.000000e+00  0.000000e+00  4
Y 0 2 0   1.492644e+00 -1.183213e+01  2.066298e+01  6.742377e+01  0.000000e+00  0.000000e+00  0.000000e+00  4
Y 0 2 1  -5.773729e+02 -1.986515e+03 -4.513829e+03 -3.838002e+02  0.000000e+00  0.000000e+00  0.000000e+00  4
Y 0 2 2  -2.379388e+03  1.375603e+04  0.000000e+00  0.000000e+00  0.000000e+00  0.000000e+00  0.000000e+00  2
Y 0 3 0   1.754484e+02  6.651246e+02  7.045233e+01  0.000000e+00  0.000000e+00  0.000000e+00  0.000000e+00  3
Y 0 4 0  -6.605937e+02 -6.657403e+01  0.000000e+00  0.000000e+00  0.000000e+00  0.000000e+00  0.000000e+00  2
Y 1 0 0   1.308406e-01  2.221692e-01 -2.281250e-02 -8.055006e-02  0.000000e+00  0.000000e+00  0.000000e+00  4
Y 1 0 1   1.779741e+01  1.755184e+01  2.064727e+00 -7.169199e+01  0.000000e+00  0.000000e+00  0.000000e+00  4
Y 1 0 2   1.564567e+00 -2.178272e+03  1.009435e+02  6.346494e+03  0.000000e+00  0.000000e+00  0.000000e+00  4
Y 1 0 3  -4.946754e+04  0.000000e+00  0.000000e+00  0.000000e+00  0.000000e+00  0.000000e+00  0.000000e+00  1
Y 1 1 0  -1.954926e+01 -5.423903e+00  2.013298e+00  3.620161e-02  0.000000e+00  0.000000e+00  0.000000e+00  4
Y 1 1 1  -8.802042e+02 -1.926798e+02  5.864028e+02  0.000000e+00  0.000000e+00  0.000000e+00  0.000000e+00  3
Y 1 1 2   9.230007e+04  1.144321e+05  0.000000e+00  0.000000e+00  0.000000e+00  0.000000e+00  0.000000e+00  2
Y 1 2 0  -1.268052e+02  7.049227e+02  5.137333e+02 -8.368731e+02  0.000000e+00  0.000000e+00  0.000000e+00  4
Y 1 2 1  -3.040219e+04 -7.917678e+04  0.000000e+00  0.000000e+00  0.000000e+00  0.000000e+00  0.000000e+00  2
Y 1 2 2   6.322055e+05 -2.078822e+06  0.000000e+00  0.000000e+00  0.000000e+00  0.000000e+00  0.000000e+00  2
Y 1 3 0   1.040374e+04  0.000000e+00  0.000000e+00  0.000000e+00  0.000000e+00  0.000000e+00  0.000000e+00  1
Y 2 0 0  -1.106865e+01 -1.376189e+00 -1.554294e+01  2.510988e+01  0.000000e+00  0.000000e+00  0.000000e+00  4
Y 2 0 1  -3.736162e+02  5.480813e+02  8.716939e+02  6.492088e+02  0.000000e+00  0.000000e+00  0.000000e+00  4
Y 2 1 0   8.073223e+02  4.063834e+01 -9.273923e+01 -3.536687e+03  0.000000e+00  0.000000e+00  0.000000e+00  4
Y 2 1 1   1.229385e+04 -5.291309e+03  0.000000e+00  0.000000e+00  0.000000e+00  0.000000e+00  0.000000e+00  2
Y 2 1 2   3.120433e+05 -4.232968e+06  0.000000e+00  0.000000e+00  0.000000e+00  0.000000e+00  0.000000e+00  2
Y 2 2 1  -1.076772e+06  4.223475e+06  0.000000e+00  0.000000e+00  0.000000e+00  0.000000e+00  0.000000e+00  2
Y 3 0 0  -1.903431e+02  0.000000e+00  0.000000e+00  0.000000e+00  0.000000e+00  0.000000e+00  0.000000e+00  1
Y 3 0 1  -1.253843e+04  0.000000e+00  0.000000e+00  0.000000e+00  0.000000e+00  0.000000e+00  0.000000e+00  1
Y 3 1 0   1.557423e+04  0.000000e+00  0.000000e+00  0.000000e+00  0.000000e+00  0.000000e+00  0.000000e+00  1
L 0 0 0 0  24.216
L 0 1 0 0 -13.1041
L 0 2 0 0  20.8672
L 0 1 1 0  -1.8728
L 1 0 0 0   0.0482
L 2 0 0 0   0.0675
L 1 0 0 1   0.0281
L 1 1 0 0   2.4314
L 0 0 0 1   0.1408
L 1 0 1 0  -0.0845
L 0 0 0 2   9.3063
L 0 0 2 0   6.3451
L 0 0 1 1  -7.7394
L 0 0 1 0  -0.1443
L 0 1 0 1   1.7292


