############# RIGHT VDCS  ###################
No of Crate, Slot, First, Last chans
[ R.vdc.u1 ]
1       10       0       95
1       12       0       95
1       13       0       95
1       14       0       79
  0.0  0.77852 -0.0042426 -45.0                  z, wbeg, wspac, wangle (m)
5.000e4                                        Drift velocity (m/s)
  TDC Offset Values
  1  1684.0    2  1684.0    3  1684.0    4  1684.0    5  1684.0    6  1684.0    7  1684.0    8  1684.0  
  9  1684.0   10  1684.0   11  1684.0   12  1684.0   13  1684.0   14  1684.0   15  1684.0   16  1684.0  
 17  1684.0   18  1684.0   19  1684.0   20  1684.0   21  1684.0   22  1684.0   23  1684.0   24  1684.0  
 25  1684.0   26  1684.0   27  1684.0   28  1684.0   29  1684.0   30  1684.0   31  1684.0   32  1684.0  
 33  1684.0   34  1684.0   35  1684.0   36  1684.0   37  1684.0   38  1684.0   39  1684.0   40  1684.0  
 41  1684.0   42  1684.0   43  1684.0   44  1684.0   45  1684.0   46  1684.0   47  1684.0   48  1684.0  
 49  1684.0   50  1684.0   51  1684.0   52  1684.0   53  1684.0   54  1684.0   55  1684.0   56  1684.0  
 57  1684.0   58  1684.0   59  1684.0   60  1684.0   61  1684.0   62  1684.0   63  1684.0   64  1684.0  
 65  1684.0   66  1684.0   67  1684.0   68  1684.0   69  1684.0   70  1684.0   71  1684.0   72  1684.0  
 73  1684.0   74  1684.0   75  1684.0   76  1684.0   77  1684.0   78  1684.0   79  1684.0   80  1684.0  
 81  1684.0   82  1684.0   83  1684.0   84  1684.0   85  1684.0   86  1684.0   87  1684.0   88  1684.0  
 89  1684.0   90  1684.0   91  1684.0   92  1684.0   93  1684.0   94  1684.0   95  1684.0   96  1684.0  
 97  1684.0   98  1684.0   99  1684.0  100  1684.0  101  1684.0  102  1684.0  103  1684.0  104  1684.0  
105  1684.0  106  1684.0  107  1684.0  108  1684.0  109  1684.0  110  1684.0  111  1684.0  112  1684.0  
113  1684.0  114  1684.0  115  1684.0  116  1684.0  117  1684.0  118  1684.0  119  1684.0  120  1684.0  
121  1684.0  122  1684.0  123  1684.0  124  1684.0  125  1684.0  126  1684.0  127  1684.0  128  1684.0  
129  1684.0  130  1684.0  131  1684.0  132  1684.0  133  1684.0  134  1684.0  135  1684.0  136  1684.0  
137  1684.0  138  1684.0  139  1684.0  140  1684.0  141  1684.0  142  1684.0  143  1684.0  144  1684.0  
145  1684.0  146  1684.0  147  1684.0  148  1684.0  149  1684.0  150  1684.0  151  1684.0  152  1684.0  
153  1684.0  154  1684.0  155  1684.0  156  1684.0  157  1684.0  158  1684.0  159  1684.0  160  1684.0  
161  1684.0  162  1684.0  163  1684.0  164  1684.0  165  1684.0  166  1684.0  167  1684.0  168  1684.0  
169  1684.0  170  1684.0  171  1684.0  172  1684.0  173  1684.0  174  1684.0  175  1684.0  176  1684.0  
177  1684.0  178  1684.0  179  1684.0  180  1684.0  181  1684.0  182  1684.0  183  1684.0  184  1684.0  
185  1684.0  186  1684.0  187  1684.0  188  1684.0  189  1684.0  190  1684.0  191  1684.0  192  1684.0  
193  1684.0  194  1684.0  195  1684.0  196  1684.0  197  1684.0  198  1684.0  199  1684.0  200  1684.0  
201  1684.0  202  1684.0  203  1684.0  204  1684.0  205  1684.0  206  1684.0  207  1684.0  208  1684.0  
209  1684.0  210  1684.0  211  1684.0  212  1684.0  213  1684.0  214  1684.0  215  1684.0  216  1684.0  
217  1684.0  218  1684.0  219  1684.0  220  1684.0  221  1684.0  222  1684.0  223  1684.0  224  1684.0  
225  1684.0  226  1684.0  227  1684.0  228  1684.0  229  1684.0  230  1684.0  231  1684.0  232  1684.0  
233  1684.0  234  1684.0  235  1684.0  236  1684.0  237  1684.0  238  1684.0  239  1684.0  240  1684.0  
241  1684.0  242  1684.0  243  1684.0  244  1684.0  245  1684.0  246  1684.0  247  1684.0  248  1684.0  
249  1684.0  250  1684.0  251  1684.0  252  1684.0  253  1684.0  254  1684.0  255  1684.0  256  1684.0  
257  1684.0  258  1684.0  259  1684.0  260  1684.0  261  1684.0  262  1684.0  263  1684.0  264  1684.0  
265  1684.0  266  1684.0  267  1684.0  268  1684.0  269  1684.0  270  1684.0  271  1684.0  272  1684.0  
273  1684.0  274  1684.0  275  1684.0  276  1684.0  277  1684.0  278  1684.0  279  1684.0  280  1684.0  
281  1684.0  282  1684.0  283  1684.0  284  1684.0  285  1684.0  286  1684.0  287  1684.0  288  1684.0  
289  1684.0  290  1684.0  291  1684.0  292  1684.0  293  1684.0  294  1684.0  295  1684.0  296  1684.0  
297  1684.0  298  1684.0  299  1684.0  300  1684.0  301  1684.0  302  1684.0  303  1684.0  304  1684.0  
305  1684.0  306  1684.0  307  1684.0  308  1684.0  309  1684.0  310  1684.0  311  1684.0  312  1684.0  
313  1684.0  314  1684.0  315  1684.0  316  1684.0  317  1684.0  318  1684.0  319  1684.0  320  1684.0  
321  1684.0  322  1684.0  323  1684.0  324  1684.0  325  1684.0  326  1684.0  327  1684.0  328  1684.0  
329  1684.0  330  1684.0  331  1684.0  332  1684.0  333  1684.0  334  1684.0  335  1684.0  336  1684.0  
337  1684.0  338  1684.0  339  1684.0  340  1684.0  341  1684.0  342  1684.0  343  1684.0  344  1684.0  
345  1684.0  346  1684.0  347  1684.0  348  1684.0  349  1684.0  350  1684.0  351  1684.0  352  1684.0  
353  1684.0  354  1684.0  355  1684.0  356  1684.0  357  1684.0  358  1684.0  359  1684.0  360  1684.0  
361  1684.0  362  1684.0  363  1684.0  364  1684.0  365  1684.0  366  1684.0  367  1684.0  368  1684.0  
  TTD Lookup Table
  2.550e-08
  647
  0.00e+00 0.00e+00 0.00e+00 0.00e+00 0.00e+00 0.00e+00 0.00e+00 0.00e+00 0.00e+00 0.00e+00
  0.00e+00 0.00e+00 0.00e+00 0.00e+00 0.00e+00 0.00e+00 0.00e+00 0.00e+00 0.00e+00 0.00e+00
  0.00e+00 0.00e+00 0.00e+00 0.00e+00 0.00e+00 0.00e+00 0.00e+00 0.00e+00 0.00e+00 0.00e+00
  0.00e+00 0.00e+00 0.00e+00 0.00e+00 0.00e+00 0.00e+00 0.00e+00 0.00e+00 0.00e+00 0.00e+00
  0.00e+00 0.00e+00 0.00e+00 0.00e+00 0.00e+00 0.00e+00 0.00e+00 0.00e+00 0.00e+00 0.00e+00
  2.79e-03 6.79e-03 1.19e-02 1.82e-02 2.59e-02 3.57e-02 4.72e-02 6.06e-02 7.67e-02 9.54e-02
  1.16e-01 1.38e-01 1.63e-01 1.91e-01 2.21e-01 2.51e-01 2.85e-01 3.20e-01 3.62e-01 3.99e-01
  4.39e-01 4.78e-01 5.18e-01 5.58e-01 6.02e-01 6.43e-01 6.86e-01 7.27e-01 7.71e-01 8.14e-01
  8.57e-01 8.99e-01 9.45e-01 9.88e-01 1.03e+00 1.08e+00 1.12e+00 1.16e+00 1.21e+00 1.25e+00
  1.30e+00 1.34e+00 1.39e+00 1.43e+00 1.48e+00 1.52e+00 1.57e+00 1.61e+00 1.66e+00 1.70e+00
  1.75e+00 1.79e+00 1.83e+00 1.88e+00 1.92e+00 1.97e+00 2.01e+00 2.06e+00 2.10e+00 2.15e+00
  2.19e+00 2.24e+00 2.28e+00 2.32e+00 2.37e+00 2.41e+00 2.45e+00 2.49e+00 2.54e+00 2.58e+00
  2.62e+00 2.66e+00 2.70e+00 2.74e+00 2.78e+00 2.82e+00 2.86e+00 2.90e+00 2.93e+00 2.96e+00
  3.00e+00 3.03e+00 3.06e+00 3.09e+00 3.13e+00 3.16e+00 3.18e+00 3.21e+00 3.25e+00 3.27e+00
  3.30e+00 3.33e+00 3.36e+00 3.38e+00 3.41e+00 3.44e+00 3.47e+00 3.50e+00 3.53e+00 3.55e+00
  3.58e+00 3.61e+00 3.64e+00 3.67e+00 3.70e+00 3.72e+00 3.75e+00 3.78e+00 3.81e+00 3.83e+00
  3.86e+00 3.89e+00 3.92e+00 3.94e+00 3.97e+00 4.00e+00 4.02e+00 4.05e+00 4.08e+00 4.10e+00
  4.13e+00 4.16e+00 4.18e+00 4.21e+00 4.24e+00 4.26e+00 4.29e+00 4.32e+00 4.34e+00 4.37e+00
  4.39e+00 4.42e+00 4.44e+00 4.47e+00 4.50e+00 4.52e+00 4.55e+00 4.57e+00 4.60e+00 4.62e+00
  4.65e+00 4.67e+00 4.70e+00 4.72e+00 4.75e+00 4.77e+00 4.80e+00 4.82e+00 4.85e+00 4.87e+00
  4.90e+00 4.92e+00 4.95e+00 4.97e+00 5.00e+00 5.02e+00 5.05e+00 5.07e+00 5.10e+00 5.12e+00
  5.14e+00 5.17e+00 5.19e+00 5.22e+00 5.24e+00 5.27e+00 5.29e+00 5.31e+00 5.34e+00 5.36e+00
  5.39e+00 5.41e+00 5.44e+00 5.46e+00 5.48e+00 5.51e+00 5.53e+00 5.55e+00 5.58e+00 5.60e+00
  5.63e+00 5.65e+00 5.67e+00 5.70e+00 5.72e+00 5.74e+00 5.77e+00 5.79e+00 5.81e+00 5.84e+00
  5.86e+00 5.88e+00 5.91e+00 5.93e+00 5.96e+00 5.98e+00 6.00e+00 6.03e+00 6.05e+00 6.07e+00
  6.10e+00 6.12e+00 6.15e+00 6.17e+00 6.19e+00 6.22e+00 6.24e+00 6.26e+00 6.29e+00 6.31e+00
  6.34e+00 6.36e+00 6.39e+00 6.41e+00 6.43e+00 6.46e+00 6.48e+00 6.51e+00 6.53e+00 6.55e+00
  6.58e+00 6.60e+00 6.63e+00 6.65e+00 6.68e+00 6.70e+00 6.72e+00 6.75e+00 6.77e+00 6.80e+00
  6.82e+00 6.85e+00 6.87e+00 6.89e+00 6.92e+00 6.94e+00 6.97e+00 6.99e+00 7.02e+00 7.04e+00
  7.06e+00 7.09e+00 7.11e+00 7.14e+00 7.16e+00 7.18e+00 7.21e+00 7.23e+00 7.26e+00 7.28e+00
  7.30e+00 7.33e+00 7.35e+00 7.38e+00 7.40e+00 7.42e+00 7.45e+00 7.47e+00 7.50e+00 7.52e+00
  7.55e+00 7.57e+00 7.59e+00 7.62e+00 7.64e+00 7.67e+00 7.69e+00 7.71e+00 7.74e+00 7.76e+00
  7.78e+00 7.81e+00 7.83e+00 7.86e+00 7.88e+00 7.90e+00 7.93e+00 7.95e+00 7.98e+00 8.00e+00
  8.02e+00 8.05e+00 8.07e+00 8.09e+00 8.12e+00 8.14e+00 8.17e+00 8.19e+00 8.21e+00 8.24e+00
  8.26e+00 8.28e+00 8.31e+00 8.33e+00 8.35e+00 8.38e+00 8.40e+00 8.43e+00 8.45e+00 8.47e+00
  8.50e+00 8.52e+00 8.55e+00 8.57e+00 8.59e+00 8.62e+00 8.64e+00 8.66e+00 8.69e+00 8.71e+00
  8.73e+00 8.76e+00 8.78e+00 8.81e+00 8.83e+00 8.85e+00 8.88e+00 8.90e+00 8.92e+00 8.95e+00
  8.97e+00 8.99e+00 9.02e+00 9.04e+00 9.06e+00 9.09e+00 9.11e+00 9.13e+00 9.16e+00 9.18e+00
  9.21e+00 9.23e+00 9.25e+00 9.28e+00 9.30e+00 9.32e+00 9.35e+00 9.37e+00 9.39e+00 9.42e+00
  9.44e+00 9.46e+00 9.49e+00 9.51e+00 9.54e+00 9.56e+00 9.58e+00 9.61e+00 9.63e+00 9.65e+00
  9.68e+00 9.70e+00 9.72e+00 9.75e+00 9.77e+00 9.79e+00 9.82e+00 9.84e+00 9.86e+00 9.89e+00
  9.91e+00 9.94e+00 9.96e+00 9.98e+00 1.00e+01 1.00e+01 1.01e+01 1.01e+01 1.01e+01 1.01e+01
  1.01e+01 1.02e+01 1.02e+01 1.02e+01 1.02e+01 1.03e+01 1.03e+01 1.03e+01 1.03e+01 1.04e+01
  1.04e+01 1.04e+01 1.04e+01 1.05e+01 1.05e+01 1.05e+01 1.05e+01 1.05e+01 1.06e+01 1.06e+01
  1.06e+01 1.06e+01 1.07e+01 1.07e+01 1.07e+01 1.07e+01 1.08e+01 1.08e+01 1.08e+01 1.08e+01
  1.08e+01 1.09e+01 1.09e+01 1.09e+01 1.09e+01 1.10e+01 1.10e+01 1.10e+01 1.10e+01 1.11e+01
  1.11e+01 1.11e+01 1.11e+01 1.12e+01 1.12e+01 1.12e+01 1.12e+01 1.12e+01 1.13e+01 1.13e+01
  1.13e+01 1.13e+01 1.14e+01 1.14e+01 1.14e+01 1.14e+01 1.15e+01 1.15e+01 1.15e+01 1.15e+01
  1.15e+01 1.16e+01 1.16e+01 1.16e+01 1.16e+01 1.17e+01 1.17e+01 1.17e+01 1.17e+01 1.18e+01
  1.18e+01 1.18e+01 1.18e+01 1.19e+01 1.19e+01 1.19e+01 1.19e+01 1.19e+01 1.20e+01 1.20e+01
  1.20e+01 1.20e+01 1.21e+01 1.21e+01 1.21e+01 1.21e+01 1.22e+01 1.22e+01 1.22e+01 1.22e+01
  1.22e+01 1.23e+01 1.23e+01 1.23e+01 1.23e+01 1.24e+01 1.24e+01 1.24e+01 1.24e+01 1.25e+01
  1.25e+01 1.25e+01 1.25e+01 1.25e+01 1.26e+01 1.26e+01 1.26e+01 1.26e+01 1.27e+01 1.27e+01
  1.27e+01 1.27e+01 1.28e+01 1.28e+01 1.28e+01 1.28e+01 1.28e+01 1.29e+01 1.29e+01 1.29e+01
  1.29e+01 1.30e+01 1.30e+01 1.30e+01 1.30e+01 1.31e+01 1.31e+01 1.31e+01 1.31e+01 1.31e+01
  1.32e+01 1.32e+01 1.32e+01 1.32e+01 1.33e+01 1.33e+01 1.33e+01 1.33e+01 1.34e+01 1.34e+01
  1.34e+01 1.34e+01 1.34e+01 1.35e+01 1.35e+01 1.35e+01 1.35e+01 1.36e+01 1.36e+01 1.36e+01
  1.36e+01 1.37e+01 1.37e+01 1.37e+01 1.37e+01 1.37e+01 1.38e+01 1.38e+01 1.38e+01 1.38e+01
  1.39e+01 1.39e+01 1.39e+01 1.39e+01 1.40e+01 1.40e+01 1.40e+01 1.40e+01 1.40e+01 1.41e+01
  1.41e+01 1.41e+01 1.41e+01 1.42e+01 1.42e+01 1.42e+01 1.42e+01 1.42e+01 1.43e+01 1.43e+01
  1.43e+01 1.43e+01 1.44e+01 1.44e+01 1.44e+01 1.44e+01 1.44e+01 1.45e+01 1.45e+01 1.45e+01
  1.45e+01 1.45e+01 1.45e+01 1.46e+01 1.46e+01 1.46e+01 1.46e+01 1.46e+01 1.47e+01 1.47e+01
  1.47e+01 1.47e+01 1.47e+01 1.47e+01 1.48e+01 1.48e+01 1.48e+01 1.48e+01 1.48e+01 1.48e+01
  1.48e+01 1.48e+01 1.49e+01 1.49e+01 1.49e+01 1.49e+01 1.49e+01 1.49e+01 1.49e+01 1.49e+01
  1.49e+01 1.50e+01 1.50e+01 1.50e+01 1.50e+01 1.50e+01 1.50e+01 1.51e+01 1.51e+01 1.51e+01
  1.51e+01 1.51e+01 1.51e+01 1.51e+01 1.51e+01 1.51e+01 1.51e+01 1.51e+01 1.51e+01 1.51e+01
  1.51e+01 1.51e+01 1.51e+01 1.51e+01 1.51e+01 1.51e+01 1.51e+01 1.51e+01 1.51e+01 1.51e+01
  1.51e+01 1.51e+01 1.51e+01 1.51e+01 1.51e+01 1.51e+01 1.51e+01 1.51e+01 1.51e+01 1.51e+01
  1.51e+01 1.51e+01 1.51e+01 1.51e+01 1.51e+01 1.51e+01 1.51e+01 1.51e+01 1.51e+01 1.51e+01
  1.51e+01 1.51e+01 1.51e+01 1.51e+01 1.51e+01 1.51e+01 1.51e+01 1.51e+01 1.51e+01 1.51e+01
  1.51e+01 1.51e+01 1.51e+01 1.51e+01 1.51e+01 1.51e+01 1.51e+01 1.51e+01 1.51e+01 1.51e+01
  1.51e+01 1.51e+01 1.51e+01 1.51e+01 1.51e+01 1.51e+01 1.51e+01 1.51e+01 1.51e+01 1.51e+01
  1.51e+01 1.51e+01 1.51e+01 1.51e+01 1.51e+01 1.51e+01 1.51e+01 1.51e+01 1.51e+01 1.51e+01
  1.51e+01 1.51e+01 1.51e+01 1.51e+01 1.51e+01 1.51e+01 1.51e+01 1.51e+01 1.51e+01 1.51e+01
  1.51e+01 1.51e+01 1.51e+01 1.51e+01 1.51e+01 1.51e+01 1.51e+01 1.51e+01 1.51e+01 1.51e+01
  1.51e+01 1.51e+01 1.51e+01 1.51e+01 1.51e+01 1.51e+01 1.51e+01 1.51e+01 1.51e+01 1.51e+01
  1.51e+01 1.51e+01 1.51e+01 1.51e+01 1.51e+01 1.51e+01 1.51e+01 1.51e+01 1.51e+01 1.51e+01
  1.51e+01 1.51e+01 1.51e+01 1.51e+01 1.51e+01 1.51e+01 1.51e+01 1.51e+01 1.51e+01 1.51e+01
  1.51e+01 1.51e+01 1.51e+01 1.51e+01 1.51e+01 1.51e+01 1.51e+01 1.51e+01 1.51e+01 1.51e+01
  1.51e+01 1.51e+01 1.51e+01 1.51e+01 1.51e+01 1.51e+01 1.51e+01 1.51e+01 
  [ R.vdc.v1 ]
  2       7       0         95
  2       8       0         95
  2       9       0         95
  2      10       0         79
  0.026  0.77852 -0.0042426 45.0                 z, wbeg, wspac, wangle (m)
4.971e4                                        Drift velocity (m/s)
  TDC Offset Values
  1  1684.0    2  1684.0    3  1684.0    4  1684.0    5  1684.0    6  1684.0    7  1684.0    8  1684.0  
  9  1684.0   10  1684.0   11  1684.0   12  1684.0   13  1684.0   14  1684.0   15  1684.0   16  1684.0  
 17  1684.0   18  1684.0   19  1684.0   20  1684.0   21  1684.0   22  1684.0   23  1684.0   24  1684.0  
 25  1684.0   26  1684.0   27  1684.0   28  1684.0   29  1684.0   30  1684.0   31  1684.0   32  1684.0  
 33  1684.0   34  1684.0   35  1684.0   36  1684.0   37  1684.0   38  1684.0   39  1684.0   40  1684.0  
 41  1684.0   42  1684.0   43  1684.0   44  1684.0   45  1684.0   46  1684.0   47  1684.0   48  1684.0  
 49  1684.0   50  1684.0   51  1684.0   52  1684.0   53  1684.0   54  1684.0   55  1684.0   56  1684.0  
 57  1684.0   58  1684.0   59  1684.0   60  1684.0   61  1684.0   62  1684.0   63  1684.0   64  1684.0  
 65  1684.0   66  1684.0   67  1684.0   68  1684.0   69  1684.0   70  1684.0   71  1684.0   72  1684.0  
 73  1684.0   74  1684.0   75  1684.0   76  1684.0   77  1684.0   78  1684.0   79  1684.0   80  1684.0  
 81  1684.0   82  1684.0   83  1684.0   84  1684.0   85  1684.0   86  1684.0   87  1684.0   88  1684.0  
 89  1684.0   90  1684.0   91  1684.0   92  1684.0   93  1684.0   94  1684.0   95  1684.0   96  1684.0  
 97  1684.0   98  1684.0   99  1684.0  100  1684.0  101  1684.0  102  1684.0  103  1684.0  104  1684.0  
105  1684.0  106  1684.0  107  1684.0  108  1684.0  109  1684.0  110  1684.0  111  1684.0  112  1684.0  
113  1684.0  114  1684.0  115  1684.0  116  1684.0  117  1684.0  118  1684.0  119  1684.0  120  1684.0  
121  1684.0  122  1684.0  123  1684.0  124  1684.0  125  1684.0  126  1684.0  127  1684.0  128  1684.0  
129  1684.0  130  1684.0  131  1684.0  132  1684.0  133  1684.0  134  1684.0  135  1684.0  136  1684.0  
137  1684.0  138  1684.0  139  1684.0  140  1684.0  141  1684.0  142  1684.0  143  1684.0  144  1684.0  
145  1684.0  146  1684.0  147  1684.0  148  1684.0  149  1684.0  150  1684.0  151  1684.0  152  1684.0  
153  1684.0  154  1684.0  155  1684.0  156  1684.0  157  1684.0  158  1684.0  159  1684.0  160  1684.0  
161  1684.0  162  1684.0  163  1684.0  164  1684.0  165  1684.0  166  1684.0  167  1684.0  168  1684.0  
169  1684.0  170  1684.0  171  1684.0  172  1684.0  173  1684.0  174  1684.0  175  1684.0  176  1684.0  
177  1684.0  178  1684.0  179  1684.0  180  1684.0  181  1684.0  182  1684.0  183  1684.0  184  1684.0  
185  1684.0  186  1684.0  187  1684.0  188  1684.0  189  1684.0  190  1684.0  191  1684.0  192  1684.0  
193  1684.0  194  1684.0  195  1684.0  196  1684.0  197  1684.0  198  1684.0  199  1684.0  200  1684.0  
201  1684.0  202  1684.0  203  1684.0  204  1684.0  205  1684.0  206  1684.0  207  1684.0  208  1684.0  
209  1684.0  210  1684.0  211  1684.0  212  1684.0  213  1684.0  214  1684.0  215  1684.0  216  1684.0  
217  1684.0  218  1684.0  219  1684.0  220  1684.0  221  1684.0  222  1684.0  223  1684.0  224  1684.0  
225  1684.0  226  1684.0  227  1684.0  228  1684.0  229  1684.0  230  1684.0  231  1684.0  232  1684.0  
233  1684.0  234  1684.0  235  1684.0  236  1684.0  237  1684.0  238  1684.0  239  1684.0  240  1684.0  
241  1684.0  242  1684.0  243  1684.0  244  1684.0  245  1684.0  246  1684.0  247  1684.0  248  1684.0  
249  1684.0  250  1684.0  251  1684.0  252  1684.0  253  1684.0  254  1684.0  255  1684.0  256  1684.0  
257  1684.0  258  1684.0  259  1684.0  260  1684.0  261  1684.0  262  1684.0  263  1684.0  264  1684.0  
265  1684.0  266  1684.0  267  1684.0  268  1684.0  269  1684.0  270  1684.0  271  1684.0  272  1684.0  
273  1684.0  274  1684.0  275  1684.0  276  1684.0  277  1684.0  278  1684.0  279  1684.0  280  1684.0  
281  1684.0  282  1684.0  283  1684.0  284  1684.0  285  1684.0  286  1684.0  287  1684.0  288  1684.0  
289  1684.0  290  1684.0  291  1684.0  292  1684.0  293  1684.0  294  1684.0  295  1684.0  296  1684.0  
297  1684.0  298  1684.0  299  1684.0  300  1684.0  301  1684.0  302  1684.0  303  1684.0  304  1684.0  
305  1684.0  306  1684.0  307  1684.0  308  1684.0  309  1684.0  310  1684.0  311  1684.0  312  1684.0  
313  1684.0  314  1684.0  315  1684.0  316  1684.0  317  1684.0  318  1684.0  319  1684.0  320  1684.0  
321  1684.0  322  1684.0  323  1684.0  324  1684.0  325  1684.0  326  1684.0  327  1684.0  328  1684.0  
329  1684.0  330  1684.0  331  1684.0  332  1684.0  333  1684.0  334  1684.0  335  1684.0  336  1684.0  
337  1684.0  338  1684.0  339  1684.0  340  1684.0  341  1684.0  342  1684.0  343  1684.0  344  1684.0  
345  1684.0  346  1684.0  347  1684.0  348  1684.0  349  1684.0  350  1684.0  351  1684.0  352  1684.0  
353  1684.0  354  1684.0  355  1684.0  356  1684.0  357  1684.0  358  1684.0  359  1684.0  360  1684.0  
361  1684.0  362  1684.0  363  1684.0  364  1684.0  365  1684.0  366  1684.0  367  1684.0  368  1684.0  
  TTD Lookup Table
  2.550e-08
  647
  0.00e+00 0.00e+00 0.00e+00 0.00e+00 0.00e+00 0.00e+00 0.00e+00 0.00e+00 0.00e+00 0.00e+00
  0.00e+00 0.00e+00 0.00e+00 0.00e+00 0.00e+00 0.00e+00 0.00e+00 0.00e+00 0.00e+00 0.00e+00
  0.00e+00 0.00e+00 0.00e+00 0.00e+00 0.00e+00 0.00e+00 0.00e+00 0.00e+00 0.00e+00 0.00e+00
  0.00e+00 0.00e+00 0.00e+00 0.00e+00 0.00e+00 0.00e+00 0.00e+00 0.00e+00 0.00e+00 0.00e+00
  0.00e+00 0.00e+00 0.00e+00 0.00e+00 0.00e+00 0.00e+00 0.00e+00 0.00e+00 0.00e+00 0.00e+00
  1.57e-03 3.72e-03 6.60e-03 1.05e-02 1.55e-02 2.17e-02 2.93e-02 3.87e-02 4.96e-02 6.23e-02
  7.71e-02 9.45e-02 1.14e-01 1.36e-01 1.59e-01 1.85e-01 2.13e-01 2.42e-01 2.74e-01 3.08e-01
  3.42e-01 3.78e-01 4.13e-01 4.51e-01 4.89e-01 5.27e-01 5.65e-01 6.06e-01 6.47e-01 6.87e-01
  7.28e-01 7.70e-01 8.12e-01 8.54e-01 8.96e-01 9.41e-01 9.84e-01 1.03e+00 1.07e+00 1.11e+00
  1.16e+00 1.20e+00 1.25e+00 1.29e+00 1.34e+00 1.38e+00 1.43e+00 1.47e+00 1.52e+00 1.57e+00
  1.61e+00 1.66e+00 1.70e+00 1.75e+00 1.79e+00 1.84e+00 1.89e+00 1.93e+00 1.98e+00 2.03e+00
  2.07e+00 2.12e+00 2.16e+00 2.21e+00 2.25e+00 2.30e+00 2.34e+00 2.39e+00 2.43e+00 2.48e+00
  2.52e+00 2.56e+00 2.60e+00 2.65e+00 2.69e+00 2.73e+00 2.77e+00 2.81e+00 2.84e+00 2.88e+00
  2.92e+00 2.95e+00 2.99e+00 3.02e+00 3.06e+00 3.09e+00 3.12e+00 3.15e+00 3.18e+00 3.21e+00
  3.24e+00 3.27e+00 3.30e+00 3.33e+00 3.36e+00 3.39e+00 3.41e+00 3.44e+00 3.47e+00 3.50e+00
  3.53e+00 3.55e+00 3.58e+00 3.61e+00 3.64e+00 3.67e+00 3.69e+00 3.72e+00 3.75e+00 3.77e+00
  3.80e+00 3.83e+00 3.86e+00 3.88e+00 3.91e+00 3.94e+00 3.96e+00 3.99e+00 4.01e+00 4.04e+00
  4.07e+00 4.09e+00 4.12e+00 4.14e+00 4.17e+00 4.20e+00 4.22e+00 4.25e+00 4.27e+00 4.30e+00
  4.32e+00 4.35e+00 4.37e+00 4.40e+00 4.42e+00 4.45e+00 4.47e+00 4.50e+00 4.52e+00 4.55e+00
  4.57e+00 4.60e+00 4.62e+00 4.64e+00 4.67e+00 4.69e+00 4.72e+00 4.74e+00 4.77e+00 4.79e+00
  4.81e+00 4.84e+00 4.86e+00 4.89e+00 4.91e+00 4.94e+00 4.96e+00 4.99e+00 5.01e+00 5.03e+00
  5.06e+00 5.08e+00 5.11e+00 5.13e+00 5.15e+00 5.18e+00 5.20e+00 5.23e+00 5.25e+00 5.27e+00
  5.30e+00 5.32e+00 5.35e+00 5.37e+00 5.39e+00 5.42e+00 5.44e+00 5.47e+00 5.49e+00 5.51e+00
  5.54e+00 5.56e+00 5.58e+00 5.61e+00 5.63e+00 5.65e+00 5.68e+00 5.70e+00 5.72e+00 5.75e+00
  5.77e+00 5.79e+00 5.82e+00 5.84e+00 5.86e+00 5.89e+00 5.91e+00 5.93e+00 5.96e+00 5.98e+00
  6.00e+00 6.03e+00 6.05e+00 6.08e+00 6.10e+00 6.12e+00 6.15e+00 6.17e+00 6.19e+00 6.22e+00
  6.24e+00 6.27e+00 6.29e+00 6.31e+00 6.34e+00 6.36e+00 6.39e+00 6.41e+00 6.43e+00 6.46e+00
  6.48e+00 6.50e+00 6.53e+00 6.55e+00 6.58e+00 6.60e+00 6.62e+00 6.65e+00 6.68e+00 6.70e+00
  6.72e+00 6.75e+00 6.77e+00 6.79e+00 6.82e+00 6.84e+00 6.87e+00 6.89e+00 6.91e+00 6.94e+00
  6.96e+00 6.99e+00 7.01e+00 7.03e+00 7.06e+00 7.08e+00 7.11e+00 7.13e+00 7.15e+00 7.18e+00
  7.20e+00 7.23e+00 7.25e+00 7.27e+00 7.30e+00 7.32e+00 7.35e+00 7.37e+00 7.39e+00 7.42e+00
  7.44e+00 7.47e+00 7.49e+00 7.51e+00 7.54e+00 7.56e+00 7.58e+00 7.61e+00 7.63e+00 7.66e+00
  7.68e+00 7.70e+00 7.73e+00 7.75e+00 7.78e+00 7.80e+00 7.82e+00 7.85e+00 7.87e+00 7.89e+00
  7.92e+00 7.94e+00 7.96e+00 7.99e+00 8.01e+00 8.04e+00 8.06e+00 8.08e+00 8.11e+00 8.13e+00
  8.15e+00 8.18e+00 8.20e+00 8.23e+00 8.25e+00 8.27e+00 8.30e+00 8.32e+00 8.34e+00 8.37e+00
  8.39e+00 8.41e+00 8.44e+00 8.46e+00 8.49e+00 8.51e+00 8.53e+00 8.56e+00 8.58e+00 8.60e+00
  8.63e+00 8.65e+00 8.67e+00 8.70e+00 8.72e+00 8.75e+00 8.77e+00 8.79e+00 8.81e+00 8.84e+00
  8.86e+00 8.89e+00 8.91e+00 8.93e+00 8.96e+00 8.98e+00 9.00e+00 9.03e+00 9.05e+00 9.07e+00
  9.10e+00 9.12e+00 9.14e+00 9.17e+00 9.19e+00 9.21e+00 9.24e+00 9.26e+00 9.28e+00 9.31e+00
  9.33e+00 9.36e+00 9.38e+00 9.40e+00 9.43e+00 9.45e+00 9.47e+00 9.50e+00 9.52e+00 9.54e+00
  9.57e+00 9.59e+00 9.61e+00 9.64e+00 9.66e+00 9.68e+00 9.71e+00 9.73e+00 9.75e+00 9.78e+00
  9.80e+00 9.82e+00 9.85e+00 9.87e+00 9.89e+00 9.92e+00 9.94e+00 9.96e+00 9.99e+00 1.00e+01
  1.00e+01 1.01e+01 1.01e+01 1.01e+01 1.01e+01 1.02e+01 1.02e+01 1.02e+01 1.02e+01 1.02e+01
  1.03e+01 1.03e+01 1.03e+01 1.03e+01 1.04e+01 1.04e+01 1.04e+01 1.04e+01 1.05e+01 1.05e+01
  1.05e+01 1.05e+01 1.05e+01 1.06e+01 1.06e+01 1.06e+01 1.06e+01 1.07e+01 1.07e+01 1.07e+01
  1.07e+01 1.08e+01 1.08e+01 1.08e+01 1.08e+01 1.09e+01 1.09e+01 1.09e+01 1.09e+01 1.09e+01
  1.10e+01 1.10e+01 1.10e+01 1.10e+01 1.11e+01 1.11e+01 1.11e+01 1.11e+01 1.12e+01 1.12e+01
  1.12e+01 1.12e+01 1.12e+01 1.13e+01 1.13e+01 1.13e+01 1.13e+01 1.14e+01 1.14e+01 1.14e+01
  1.14e+01 1.15e+01 1.15e+01 1.15e+01 1.15e+01 1.15e+01 1.16e+01 1.16e+01 1.16e+01 1.16e+01
  1.17e+01 1.17e+01 1.17e+01 1.17e+01 1.18e+01 1.18e+01 1.18e+01 1.18e+01 1.19e+01 1.19e+01
  1.19e+01 1.19e+01 1.19e+01 1.20e+01 1.20e+01 1.20e+01 1.20e+01 1.21e+01 1.21e+01 1.21e+01
  1.21e+01 1.22e+01 1.22e+01 1.22e+01 1.22e+01 1.22e+01 1.23e+01 1.23e+01 1.23e+01 1.23e+01
  1.24e+01 1.24e+01 1.24e+01 1.24e+01 1.25e+01 1.25e+01 1.25e+01 1.25e+01 1.25e+01 1.26e+01
  1.26e+01 1.26e+01 1.26e+01 1.27e+01 1.27e+01 1.27e+01 1.27e+01 1.28e+01 1.28e+01 1.28e+01
  1.28e+01 1.28e+01 1.29e+01 1.29e+01 1.29e+01 1.29e+01 1.30e+01 1.30e+01 1.30e+01 1.30e+01
  1.31e+01 1.31e+01 1.31e+01 1.31e+01 1.31e+01 1.32e+01 1.32e+01 1.32e+01 1.32e+01 1.33e+01
  1.33e+01 1.33e+01 1.33e+01 1.34e+01 1.34e+01 1.34e+01 1.34e+01 1.34e+01 1.35e+01 1.35e+01
  1.35e+01 1.35e+01 1.36e+01 1.36e+01 1.36e+01 1.36e+01 1.37e+01 1.37e+01 1.37e+01 1.37e+01
  1.37e+01 1.38e+01 1.38e+01 1.38e+01 1.38e+01 1.39e+01 1.39e+01 1.39e+01 1.39e+01 1.40e+01
  1.40e+01 1.40e+01 1.40e+01 1.40e+01 1.41e+01 1.41e+01 1.41e+01 1.41e+01 1.42e+01 1.42e+01
  1.42e+01 1.42e+01 1.42e+01 1.43e+01 1.43e+01 1.43e+01 1.43e+01 1.43e+01 1.44e+01 1.44e+01
  1.44e+01 1.44e+01 1.45e+01 1.45e+01 1.45e+01 1.45e+01 1.45e+01 1.45e+01 1.46e+01 1.46e+01
  1.46e+01 1.46e+01 1.46e+01 1.47e+01 1.47e+01 1.47e+01 1.47e+01 1.47e+01 1.47e+01 1.48e+01
  1.48e+01 1.48e+01 1.48e+01 1.48e+01 1.48e+01 1.48e+01 1.49e+01 1.49e+01 1.49e+01 1.49e+01
  1.49e+01 1.49e+01 1.49e+01 1.49e+01 1.49e+01 1.50e+01 1.50e+01 1.51e+01 1.51e+01 1.51e+01
  1.51e+01 1.51e+01 1.51e+01 1.51e+01 1.51e+01 1.51e+01 1.51e+01 1.51e+01 1.51e+01 1.51e+01
  1.51e+01 1.51e+01 1.51e+01 1.51e+01 1.51e+01 1.51e+01 1.51e+01 1.51e+01 1.51e+01 1.51e+01
  1.51e+01 1.51e+01 1.51e+01 1.51e+01 1.51e+01 1.51e+01 1.51e+01 1.51e+01 1.51e+01 1.51e+01
  1.51e+01 1.51e+01 1.51e+01 1.51e+01 1.51e+01 1.51e+01 1.51e+01 1.51e+01 1.51e+01 1.51e+01
  1.51e+01 1.51e+01 1.51e+01 1.51e+01 1.51e+01 1.51e+01 1.51e+01 1.51e+01 1.51e+01 1.51e+01
  1.51e+01 1.51e+01 1.51e+01 1.51e+01 1.51e+01 1.51e+01 1.51e+01 1.51e+01 1.51e+01 1.51e+01
  1.51e+01 1.51e+01 1.51e+01 1.51e+01 1.51e+01 1.51e+01 1.51e+01 1.51e+01 1.51e+01 1.51e+01
  1.51e+01 1.51e+01 1.51e+01 1.51e+01 1.51e+01 1.51e+01 1.51e+01 1.51e+01 1.51e+01 1.51e+01
  1.51e+01 1.51e+01 1.51e+01 1.51e+01 1.51e+01 1.51e+01 1.51e+01 1.51e+01 1.51e+01 1.51e+01
  1.51e+01 1.51e+01 1.51e+01 1.51e+01 1.51e+01 1.51e+01 1.51e+01 1.51e+01 1.51e+01 1.51e+01
  1.51e+01 1.51e+01 1.51e+01 1.51e+01 1.51e+01 1.51e+01 1.51e+01 1.51e+01 1.51e+01 1.51e+01
  1.51e+01 1.51e+01 1.51e+01 1.51e+01 1.51e+01 1.51e+01 1.51e+01 1.51e+01 1.51e+01 1.51e+01
  1.51e+01 1.51e+01 1.51e+01 1.51e+01 1.51e+01 1.51e+01 1.51e+01 1.51e+01 1.51e+01 1.51e+01
  1.51e+01 1.51e+01 1.51e+01 1.51e+01 1.51e+01 1.51e+01 1.51e+01 1.51e+01 1.51e+01 1.51e+01
  1.51e+01 1.51e+01 1.51e+01 1.51e+01 1.51e+01 1.51e+01 1.51e+01 1.51e+01 7.99e-44
  [ R.vdc.u2 ]
  1      6       0          95
  1      7       0          95
  1      8       0          95
  1      9       0          79
  0.3327 1.02793  -0.0042426 -45.0               z, wbeg, wspac,, wangle (m)
4.953e4                                        Drift velocity (m/s)
  TDC Offset Values
  1  1684.0    2  1684.0    3  1684.0    4  1684.0    5  1684.0    6  1684.0    7  1684.0    8  1684.0  
  9  1684.0   10  1684.0   11  1684.0   12  1684.0   13  1684.0   14  1684.0   15  1684.0   16  1684.0  
 17  1684.0   18  1684.0   19  1684.0   20  1684.0   21  1684.0   22  1684.0   23  1684.0   24  1684.0  
 25  1684.0   26  1684.0   27  1684.0   28  1684.0   29  1684.0   30  1684.0   31  1684.0   32  1684.0  
 33  1684.0   34  1684.0   35  1684.0   36  1684.0   37  1684.0   38  1684.0   39  1684.0   40  1684.0  
 41  1684.0   42  1684.0   43  1684.0   44  1684.0   45  1684.0   46  1684.0   47  1684.0   48  1684.0  
 49  1684.0   50  1684.0   51  1684.0   52  1684.0   53  1684.0   54  1684.0   55  1684.0   56  1684.0  
 57  1684.0   58  1684.0   59  1684.0   60  1684.0   61  1684.0   62  1684.0   63  1684.0   64  1684.0  
 65  1684.0   66  1684.0   67  1684.0   68  1684.0   69  1684.0   70  1684.0   71  1684.0   72  1684.0  
 73  1684.0   74  1684.0   75  1684.0   76  1684.0   77  1684.0   78  1684.0   79  1684.0   80  1684.0  
 81  1684.0   82  1684.0   83  1684.0   84  1684.0   85  1684.0   86  1684.0   87  1684.0   88  1684.0  
 89  1684.0   90  1684.0   91  1684.0   92  1684.0   93  1684.0   94  1684.0   95  1684.0   96  1684.0  
 97  1684.0   98  1684.0   99  1684.0  100  1684.0  101  1684.0  102  1684.0  103  1684.0  104  1684.0  
105  1684.0  106  1684.0  107  1684.0  108  1684.0  109  1684.0  110  1684.0  111  1684.0  112  1684.0  
113  1684.0  114  1684.0  115  1684.0  116  1684.0  117  1684.0  118  1684.0  119  1684.0  120  1684.0  
121  1684.0  122  1684.0  123  1684.0  124  1684.0  125  1684.0  126  1684.0  127  1684.0  128  1684.0  
129  1684.0  130  1684.0  131  1684.0  132  1684.0  133  1684.0  134  1684.0  135  1684.0  136  1684.0  
137  1684.0  138  1684.0  139  1684.0  140  1684.0  141  1684.0  142  1684.0  143  1684.0  144  1684.0  
145  1684.0  146  1684.0  147  1684.0  148  1684.0  149  1684.0  150  1684.0  151  1684.0  152  1684.0  
153  1684.0  154  1684.0  155  1684.0  156  1684.0  157  1684.0  158  1684.0  159  1684.0  160  1684.0  
161  1684.0  162  1684.0  163  1684.0  164  1684.0  165  1684.0  166  1684.0  167  1684.0  168  1684.0  
169  1684.0  170  1684.0  171  1684.0  172  1684.0  173  1684.0  174  1684.0  175  1684.0  176  1684.0  
177  1684.0  178  1684.0  179  1684.0  180  1684.0  181  1684.0  182  1684.0  183  1684.0  184  1684.0  
185  1684.0  186  1684.0  187  1684.0  188  1684.0  189  1684.0  190  1684.0  191  1684.0  192  1684.0  
193  1684.0  194  1684.0  195  1684.0  196  1684.0  197  1684.0  198  1684.0  199  1684.0  200  1684.0  
201  1684.0  202  1684.0  203  1684.0  204  1684.0  205  1684.0  206  1684.0  207  1684.0  208  1684.0  
209  1684.0  210  1684.0  211  1684.0  212  1684.0  213  1684.0  214  1684.0  215  1684.0  216  1684.0  
217  1684.0  218  1684.0  219  1684.0  220  1684.0  221  1684.0  222  1684.0  223  1684.0  224  1684.0  
225  1684.0  226  1684.0  227  1684.0  228  1684.0  229  1684.0  230  1684.0  231  1684.0  232  1684.0  
233  1684.0  234  1684.0  235  1684.0  236  1684.0  237  1684.0  238  1684.0  239  1684.0  240  1684.0  
241  1684.0  242  1684.0  243  1684.0  244  1684.0  245  1684.0  246  1684.0  247  1684.0  248  1684.0  
249  1684.0  250  1684.0  251  1684.0  252  1684.0  253  1684.0  254  1684.0  255  1684.0  256  1684.0  
257  1684.0  258  1684.0  259  1684.0  260  1684.0  261  1684.0  262  1684.0  263  1684.0  264  1684.0  
265  1684.0  266  1684.0  267  1684.0  268  1684.0  269  1684.0  270  1684.0  271  1684.0  272  1684.0  
273  1684.0  274  1684.0  275  1684.0  276  1684.0  277  1684.0  278  1684.0  279  1684.0  280  1684.0  
281  1684.0  282  1684.0  283  1684.0  284  1684.0  285  1684.0  286  1684.0  287  1684.0  288  1684.0  
289  1684.0  290  1684.0  291  1684.0  292  1684.0  293  1684.0  294  1684.0  295  1684.0  296  1684.0  
297  1684.0  298  1684.0  299  1684.0  300  1684.0  301  1684.0  302  1684.0  303  1684.0  304  1684.0  
305  1684.0  306  1684.0  307  1684.0  308  1684.0  309  1684.0  310  1684.0  311  1684.0  312  1684.0  
313  1684.0  314  1684.0  315  1684.0  316  1684.0  317  1684.0  318  1684.0  319  1684.0  320  1684.0  
321  1684.0  322  1684.0  323  1684.0  324  1684.0  325  1684.0  326  1684.0  327  1684.0  328  1684.0  
329  1684.0  330  1684.0  331  1684.0  332  1684.0  333  1684.0  334  1684.0  335  1684.0  336  1684.0  
337  1684.0  338  1684.0  339  1684.0  340  1684.0  341  1684.0  342  1684.0  343  1684.0  344  1684.0  
345  1684.0  346  1684.0  347  1684.0  348  1684.0  349  1684.0  350  1684.0  351  1684.0  352  1684.0  
353  1684.0  354  1684.0  355  1684.0  356  1684.0  357  1684.0  358  1684.0  359  1684.0  360  1684.0  
361  1684.0  362  1684.0  363  1684.0  364  1684.0  365  1684.0  366  1684.0  367  1684.0  368  1684.0  
  TTD Lookup Table
  2.800e-08
  642
  0.00e+00 0.00e+00 0.00e+00 0.00e+00 0.00e+00 0.00e+00 0.00e+00 0.00e+00 0.00e+00 0.00e+00
  0.00e+00 0.00e+00 0.00e+00 0.00e+00 0.00e+00 0.00e+00 0.00e+00 0.00e+00 0.00e+00 0.00e+00
  0.00e+00 0.00e+00 0.00e+00 0.00e+00 0.00e+00 0.00e+00 0.00e+00 0.00e+00 0.00e+00 0.00e+00
  0.00e+00 0.00e+00 0.00e+00 0.00e+00 0.00e+00 0.00e+00 0.00e+00 0.00e+00 0.00e+00 0.00e+00
  0.00e+00 0.00e+00 0.00e+00 0.00e+00 0.00e+00 0.00e+00 0.00e+00 0.00e+00 0.00e+00 0.00e+00
  0.00e+00 0.00e+00 0.00e+00 0.00e+00 0.00e+00 2.10e-03 4.91e-03 8.89e-03 1.45e-02 2.13e-02
  3.02e-02 4.15e-02 5.54e-02 7.13e-02 8.95e-02 1.11e-01 1.35e-01 1.60e-01 1.92e-01 2.23e-01
  2.55e-01 2.88e-01 3.23e-01 3.60e-01 3.98e-01 4.36e-01 4.74e-01 5.15e-01 5.55e-01 5.96e-01
  6.37e-01 6.81e-01 7.23e-01 7.66e-01 8.09e-01 8.54e-01 8.98e-01 9.43e-01 9.87e-01 1.03e+00
  1.08e+00 1.12e+00 1.17e+00 1.22e+00 1.26e+00 1.31e+00 1.35e+00 1.40e+00 1.45e+00 1.50e+00
  1.54e+00 1.59e+00 1.64e+00 1.68e+00 1.73e+00 1.78e+00 1.83e+00 1.87e+00 1.92e+00 1.97e+00
  2.01e+00 2.06e+00 2.11e+00 2.16e+00 2.20e+00 2.25e+00 2.29e+00 2.34e+00 2.39e+00 2.43e+00
  2.47e+00 2.52e+00 2.56e+00 2.61e+00 2.65e+00 2.69e+00 2.73e+00 2.77e+00 2.81e+00 2.85e+00
  2.89e+00 2.93e+00 2.96e+00 3.00e+00 3.03e+00 3.07e+00 3.10e+00 3.13e+00 3.16e+00 3.19e+00
  3.22e+00 3.25e+00 3.28e+00 3.31e+00 3.33e+00 3.36e+00 3.39e+00 3.42e+00 3.45e+00 3.48e+00
  3.51e+00 3.54e+00 3.57e+00 3.60e+00 3.62e+00 3.65e+00 3.68e+00 3.71e+00 3.74e+00 3.77e+00
  3.79e+00 3.82e+00 3.85e+00 3.88e+00 3.91e+00 3.94e+00 3.96e+00 3.99e+00 4.02e+00 4.05e+00
  4.07e+00 4.10e+00 4.12e+00 4.15e+00 4.18e+00 4.21e+00 4.23e+00 4.26e+00 4.29e+00 4.31e+00
  4.34e+00 4.36e+00 4.39e+00 4.42e+00 4.44e+00 4.47e+00 4.49e+00 4.52e+00 4.55e+00 4.57e+00
  4.60e+00 4.62e+00 4.65e+00 4.67e+00 4.70e+00 4.72e+00 4.75e+00 4.78e+00 4.80e+00 4.83e+00
  4.85e+00 4.88e+00 4.90e+00 4.93e+00 4.95e+00 4.98e+00 5.00e+00 5.03e+00 5.05e+00 5.08e+00
  5.10e+00 5.13e+00 5.15e+00 5.18e+00 5.20e+00 5.23e+00 5.25e+00 5.28e+00 5.30e+00 5.33e+00
  5.35e+00 5.38e+00 5.40e+00 5.43e+00 5.45e+00 5.48e+00 5.50e+00 5.52e+00 5.55e+00 5.57e+00
  5.60e+00 5.62e+00 5.65e+00 5.67e+00 5.69e+00 5.72e+00 5.74e+00 5.77e+00 5.79e+00 5.82e+00
  5.84e+00 5.86e+00 5.89e+00 5.91e+00 5.94e+00 5.96e+00 5.99e+00 6.01e+00 6.03e+00 6.06e+00
  6.08e+00 6.11e+00 6.13e+00 6.16e+00 6.18e+00 6.21e+00 6.23e+00 6.26e+00 6.28e+00 6.30e+00
  6.33e+00 6.35e+00 6.38e+00 6.40e+00 6.43e+00 6.45e+00 6.48e+00 6.50e+00 6.53e+00 6.55e+00
  6.58e+00 6.60e+00 6.62e+00 6.65e+00 6.68e+00 6.70e+00 6.72e+00 6.75e+00 6.78e+00 6.80e+00
  6.82e+00 6.85e+00 6.87e+00 6.90e+00 6.92e+00 6.95e+00 6.97e+00 7.00e+00 7.02e+00 7.05e+00
  7.07e+00 7.10e+00 7.12e+00 7.15e+00 7.17e+00 7.20e+00 7.22e+00 7.25e+00 7.27e+00 7.30e+00
  7.32e+00 7.35e+00 7.37e+00 7.40e+00 7.42e+00 7.45e+00 7.47e+00 7.50e+00 7.52e+00 7.55e+00
  7.57e+00 7.60e+00 7.62e+00 7.64e+00 7.67e+00 7.69e+00 7.72e+00 7.74e+00 7.77e+00 7.79e+00
  7.82e+00 7.84e+00 7.87e+00 7.89e+00 7.92e+00 7.94e+00 7.97e+00 7.99e+00 8.01e+00 8.04e+00
  8.06e+00 8.09e+00 8.11e+00 8.14e+00 8.16e+00 8.19e+00 8.21e+00 8.23e+00 8.26e+00 8.28e+00
  8.31e+00 8.33e+00 8.36e+00 8.38e+00 8.40e+00 8.43e+00 8.45e+00 8.48e+00 8.51e+00 8.53e+00
  8.56e+00 8.58e+00 8.60e+00 8.63e+00 8.65e+00 8.68e+00 8.70e+00 8.73e+00 8.75e+00 8.77e+00
  8.80e+00 8.82e+00 8.85e+00 8.87e+00 8.90e+00 8.92e+00 8.94e+00 8.97e+00 8.99e+00 9.02e+00
  9.04e+00 9.07e+00 9.09e+00 9.11e+00 9.14e+00 9.16e+00 9.19e+00 9.21e+00 9.24e+00 9.26e+00
  9.28e+00 9.31e+00 9.33e+00 9.36e+00 9.38e+00 9.41e+00 9.43e+00 9.45e+00 9.48e+00 9.50e+00
  9.53e+00 9.55e+00 9.57e+00 9.60e+00 9.62e+00 9.65e+00 9.67e+00 9.70e+00 9.72e+00 9.75e+00
  9.77e+00 9.79e+00 9.82e+00 9.84e+00 9.87e+00 9.89e+00 9.91e+00 9.94e+00 9.96e+00 9.99e+00
  1.00e+01 1.00e+01 1.01e+01 1.01e+01 1.01e+01 1.01e+01 1.02e+01 1.02e+01 1.02e+01 1.02e+01
  1.03e+01 1.03e+01 1.03e+01 1.03e+01 1.04e+01 1.04e+01 1.04e+01 1.04e+01 1.05e+01 1.05e+01
  1.05e+01 1.05e+01 1.05e+01 1.06e+01 1.06e+01 1.06e+01 1.06e+01 1.07e+01 1.07e+01 1.07e+01
  1.07e+01 1.08e+01 1.08e+01 1.08e+01 1.08e+01 1.09e+01 1.09e+01 1.09e+01 1.09e+01 1.10e+01
  1.10e+01 1.10e+01 1.10e+01 1.11e+01 1.11e+01 1.11e+01 1.11e+01 1.11e+01 1.12e+01 1.12e+01
  1.12e+01 1.12e+01 1.13e+01 1.13e+01 1.13e+01 1.13e+01 1.14e+01 1.14e+01 1.14e+01 1.14e+01
  1.15e+01 1.15e+01 1.15e+01 1.15e+01 1.16e+01 1.16e+01 1.16e+01 1.16e+01 1.17e+01 1.17e+01
  1.17e+01 1.17e+01 1.17e+01 1.18e+01 1.18e+01 1.18e+01 1.18e+01 1.19e+01 1.19e+01 1.19e+01
  1.19e+01 1.20e+01 1.20e+01 1.20e+01 1.20e+01 1.21e+01 1.21e+01 1.21e+01 1.21e+01 1.22e+01
  1.22e+01 1.22e+01 1.22e+01 1.23e+01 1.23e+01 1.23e+01 1.23e+01 1.24e+01 1.24e+01 1.24e+01
  1.24e+01 1.24e+01 1.25e+01 1.25e+01 1.25e+01 1.25e+01 1.26e+01 1.26e+01 1.26e+01 1.26e+01
  1.27e+01 1.27e+01 1.27e+01 1.27e+01 1.28e+01 1.28e+01 1.28e+01 1.28e+01 1.29e+01 1.29e+01
  1.29e+01 1.29e+01 1.29e+01 1.30e+01 1.30e+01 1.30e+01 1.30e+01 1.31e+01 1.31e+01 1.31e+01
  1.31e+01 1.32e+01 1.32e+01 1.32e+01 1.32e+01 1.33e+01 1.33e+01 1.33e+01 1.33e+01 1.34e+01
  1.34e+01 1.34e+01 1.34e+01 1.34e+01 1.35e+01 1.35e+01 1.35e+01 1.35e+01 1.36e+01 1.36e+01
  1.36e+01 1.36e+01 1.37e+01 1.37e+01 1.37e+01 1.37e+01 1.38e+01 1.38e+01 1.38e+01 1.38e+01
  1.39e+01 1.39e+01 1.39e+01 1.39e+01 1.39e+01 1.40e+01 1.40e+01 1.40e+01 1.40e+01 1.41e+01
  1.41e+01 1.41e+01 1.41e+01 1.42e+01 1.42e+01 1.42e+01 1.42e+01 1.43e+01 1.43e+01 1.43e+01
  1.43e+01 1.43e+01 1.44e+01 1.44e+01 1.44e+01 1.44e+01 1.45e+01 1.45e+01 1.45e+01 1.45e+01
  1.45e+01 1.46e+01 1.46e+01 1.46e+01 1.46e+01 1.46e+01 1.47e+01 1.47e+01 1.47e+01 1.47e+01
  1.47e+01 1.47e+01 1.48e+01 1.48e+01 1.48e+01 1.48e+01 1.48e+01 1.48e+01 1.48e+01 1.49e+01
  1.49e+01 1.49e+01 1.49e+01 1.49e+01 1.49e+01 1.49e+01 1.49e+01 1.50e+01 1.50e+01 1.50e+01
  1.50e+01 1.50e+01 1.50e+01 1.50e+01 1.50e+01 1.50e+01 1.50e+01 1.50e+01 1.50e+01 1.50e+01
  1.50e+01 1.51e+01 1.51e+01 1.51e+01 1.51e+01 1.51e+01 1.51e+01 1.51e+01 1.51e+01 1.51e+01
  1.51e+01 1.51e+01 1.51e+01 1.51e+01 1.51e+01 1.51e+01 1.51e+01 1.51e+01 1.51e+01 1.51e+01
  1.51e+01 1.51e+01 1.51e+01 1.51e+01 1.51e+01 1.51e+01 1.51e+01 1.51e+01 1.51e+01 1.51e+01
  1.51e+01 1.51e+01 1.51e+01 1.51e+01 1.51e+01 1.51e+01 1.51e+01 1.51e+01 1.51e+01 1.51e+01
  1.51e+01 1.51e+01 1.51e+01 1.51e+01 1.51e+01 1.51e+01 1.51e+01 1.51e+01 1.51e+01 1.51e+01
  1.51e+01 1.51e+01 1.51e+01 1.51e+01 1.51e+01 1.51e+01 1.51e+01 1.51e+01 1.51e+01 1.51e+01
  1.51e+01 1.51e+01 1.51e+01 1.51e+01 1.51e+01 1.51e+01 1.51e+01 1.51e+01 1.51e+01 1.51e+01
  1.51e+01 1.51e+01 1.51e+01 1.51e+01 1.51e+01 1.51e+01 1.51e+01 1.51e+01 1.51e+01 1.51e+01
  1.51e+01 1.51e+01 1.51e+01 1.51e+01 1.51e+01 1.51e+01 1.51e+01 1.51e+01 1.51e+01 1.51e+01
  1.51e+01 1.51e+01 1.51e+01 1.51e+01 1.51e+01 1.51e+01 1.51e+01 1.51e+01 1.51e+01 1.51e+01
  1.51e+01 1.51e+01 1.51e+01 1.51e+01 1.51e+01 1.51e+01 1.51e+01 1.51e+01 1.51e+01 1.51e+01
  1.51e+01 1.51e+01 1.51e+01 1.51e+01 1.51e+01 1.51e+01 1.51e+01 1.51e+01 1.51e+01 1.51e+01
  1.51e+01 1.51e+01 1.51e+01 1.51e+01 1.51e+01 1.51e+01 1.51e+01 1.51e+01 1.51e+01 1.51e+01
  1.51e+01 1.51e+01 1.51e+01 1.51e+01 1.51e+01 1.51e+01 1.51e+01 1.51e+01 1.51e+01 1.51e+01
  1.51e+01 1.51e+01 1.51e+01 1.51e+01 1.51e+01 1.51e+01 1.51e+01 1.51e+01 1.51e+01 1.51e+01
  1.51e+01 1.51e+01 1.51e+01 1.51e+01 1.51e+01 1.51e+01 1.51e+01 1.51e+01 7.99e-44
  [ R.vdc.v2 ]
  2       3       0         95
  2       4       0         95
  2       5       0         95
  2       6       0         79
  0.3587 1.02793 -0.0042426 45.0                 z, wbeg, wspac, wangle (m)   
4.948e4                                        Drift velocity (m/s)
  TDC Offset Values
  1  1684.0    2  1684.0    3  1684.0    4  1684.0    5  1684.0    6  1684.0    7  1684.0    8  1684.0  
  9  1684.0   10  1684.0   11  1684.0   12  1684.0   13  1684.0   14  1684.0   15  1684.0   16  1684.0  
 17  1684.0   18  1684.0   19  1684.0   20  1684.0   21  1684.0   22  1684.0   23  1684.0   24  1684.0  
 25  1684.0   26  1684.0   27  1684.0   28  1684.0   29  1684.0   30  1684.0   31  1684.0   32  1684.0  
 33  1684.0   34  1684.0   35  1684.0   36  1684.0   37  1684.0   38  1684.0   39  1684.0   40  1684.0  
 41  1684.0   42  1684.0   43  1684.0   44  1684.0   45  1684.0   46  1684.0   47  1684.0   48  1684.0  
 49  1684.0   50  1684.0   51  1684.0   52  1684.0   53  1684.0   54  1684.0   55  1684.0   56  1684.0  
 57  1684.0   58  1684.0   59  1684.0   60  1684.0   61  1684.0   62  1684.0   63  1684.0   64  1684.0  
 65  1684.0   66  1684.0   67  1684.0   68  1684.0   69  1684.0   70  1684.0   71  1684.0   72  1684.0  
 73  1684.0   74  1684.0   75  1684.0   76  1684.0   77  1684.0   78  1684.0   79  1684.0   80  1684.0  
 81  1684.0   82  1684.0   83  1684.0   84  1684.0   85  1684.0   86  1684.0   87  1684.0   88  1684.0  
 89  1684.0   90  1684.0   91  1684.0   92  1684.0   93  1684.0   94  1684.0   95  1684.0   96  1684.0  
 97  1684.0   98  1684.0   99  1684.0  100  1684.0  101  1684.0  102  1684.0  103  1684.0  104  1684.0  
105  1684.0  106  1684.0  107  1684.0  108  1684.0  109  1684.0  110  1684.0  111  1684.0  112  1684.0  
113  1684.0  114  1684.0  115  1684.0  116  1684.0  117  1684.0  118  1684.0  119  1684.0  120  1684.0  
121  1684.0  122  1684.0  123  1684.0  124  1684.0  125  1684.0  126  1684.0  127  1684.0  128  1684.0  
129  1684.0  130  1684.0  131  1684.0  132  1684.0  133  1684.0  134  1684.0  135  1684.0  136  1684.0  
137  1684.0  138  1684.0  139  1684.0  140  1684.0  141  1684.0  142  1684.0  143  1684.0  144  1684.0  
145  1684.0  146  1684.0  147  1684.0  148  1684.0  149  1684.0  150  1684.0  151  1684.0  152  1684.0  
153  1684.0  154  1684.0  155  1684.0  156  1684.0  157  1684.0  158  1684.0  159  1684.0  160  1684.0  
161  1684.0  162  1684.0  163  1684.0  164  1684.0  165  1684.0  166  1684.0  167  1684.0  168  1684.0  
169  1684.0  170  1684.0  171  1684.0  172  1684.0  173  1684.0  174  1684.0  175  1684.0  176  1684.0  
177  1684.0  178  1684.0  179  1684.0  180  1684.0  181  1684.0  182  1684.0  183  1684.0  184  1684.0  
185  1684.0  186  1684.0  187  1684.0  188  1684.0  189  1684.0  190  1684.0  191  1684.0  192  1684.0  
193  1684.0  194  1684.0  195  1684.0  196  1684.0  197  1684.0  198  1684.0  199  1684.0  200  1684.0  
201  1684.0  202  1684.0  203  1684.0  204  1684.0  205  1684.0  206  1684.0  207  1684.0  208  1684.0  
209  1684.0  210  1684.0  211  1684.0  212  1684.0  213  1684.0  214  1684.0  215  1684.0  216  1684.0  
217  1684.0  218  1684.0  219  1684.0  220  1684.0  221  1684.0  222  1684.0  223  1684.0  224  1684.0  
225  1684.0  226  1684.0  227  1684.0  228  1684.0  229  1684.0  230  1684.0  231  1684.0  232  1684.0  
233  1684.0  234  1684.0  235  1684.0  236  1684.0  237  1684.0  238  1684.0  239  1684.0  240  1684.0  
241  1684.0  242  1684.0  243  1684.0  244  1684.0  245  1684.0  246  1684.0  247  1684.0  248  1684.0  
249  1684.0  250  1684.0  251  1684.0  252  1684.0  253  1684.0  254  1684.0  255  1684.0  256  1684.0  
257  1684.0  258  1684.0  259  1684.0  260  1684.0  261  1684.0  262  1684.0  263  1684.0  264  1684.0  
265  1684.0  266  1684.0  267  1684.0  268  1684.0  269  1684.0  270  1684.0  271  1684.0  272  1684.0  
273  1684.0  274  1684.0  275  1684.0  276  1684.0  277  1684.0  278  1684.0  279  1684.0  280  1684.0  
281  1684.0  282  1684.0  283  1684.0  284  1684.0  285  1684.0  286  1684.0  287  1684.0  288  1684.0  
289  1684.0  290  1684.0  291  1684.0  292  1684.0  293  1684.0  294  1684.0  295  1684.0  296  1684.0  
297  1684.0  298  1684.0  299  1684.0  300  1684.0  301  1684.0  302  1684.0  303  1684.0  304  1684.0  
305  1684.0  306  1684.0  307  1684.0  308  1684.0  309  1684.0  310  1684.0  311  1684.0  312  1684.0  
313  1684.0  314  1684.0  315  1684.0  316  1684.0  317  1684.0  318  1684.0  319  1684.0  320  1684.0  
321  1684.0  322  1684.0  323  1684.0  324  1684.0  325  1684.0  326  1684.0  327  1684.0  328  1684.0  
329  1684.0  330  1684.0  331  1684.0  332  1684.0  333  1684.0  334  1684.0  335  1684.0  336  1684.0  
337  1684.0  338  1684.0  339  1684.0  340  1684.0  341  1684.0  342  1684.0  343  1684.0  344  1684.0  
345  1684.0  346  1684.0  347  1684.0  348  1684.0  349  1684.0  350  1684.0  351  1684.0  352  1684.0  
353  1684.0  354  1684.0  355  1684.0  356  1684.0  357  1684.0  358  1684.0  359  1684.0  360  1684.0  
361  1684.0  362  1684.0  363  1684.0  364  1684.0  365  1684.0  366  1684.0  367  1684.0  368  1684.0  
  TTD Lookup Table
  2.700e-08
  644
  0.00e+00 0.00e+00 0.00e+00 0.00e+00 0.00e+00 0.00e+00 0.00e+00 0.00e+00 0.00e+00 0.00e+00
  0.00e+00 0.00e+00 0.00e+00 0.00e+00 0.00e+00 0.00e+00 0.00e+00 0.00e+00 0.00e+00 0.00e+00
  0.00e+00 0.00e+00 0.00e+00 0.00e+00 0.00e+00 0.00e+00 0.00e+00 0.00e+00 0.00e+00 0.00e+00
  0.00e+00 0.00e+00 0.00e+00 0.00e+00 0.00e+00 0.00e+00 0.00e+00 0.00e+00 0.00e+00 0.00e+00
  0.00e+00 0.00e+00 0.00e+00 0.00e+00 0.00e+00 0.00e+00 0.00e+00 0.00e+00 0.00e+00 0.00e+00
  0.00e+00 0.00e+00 0.00e+00 1.92e-03 4.63e-03 8.17e-03 1.25e-02 1.86e-02 2.61e-02 3.54e-02
  4.60e-02 5.91e-02 7.44e-02 9.16e-02 1.11e-01 1.34e-01 1.58e-01 1.84e-01 2.14e-01 2.45e-01
  2.77e-01 3.11e-01 3.45e-01 3.83e-01 4.20e-01 4.58e-01 4.95e-01 5.36e-01 5.77e-01 6.17e-01
  6.58e-01 7.01e-01 7.43e-01 7.85e-01 8.26e-01 8.71e-01 9.14e-01 9.58e-01 1.00e+00 1.05e+00
  1.09e+00 1.14e+00 1.18e+00 1.23e+00 1.27e+00 1.32e+00 1.36e+00 1.41e+00 1.46e+00 1.50e+00
  1.55e+00 1.59e+00 1.64e+00 1.69e+00 1.73e+00 1.78e+00 1.83e+00 1.87e+00 1.92e+00 1.97e+00
  2.01e+00 2.06e+00 2.10e+00 2.15e+00 2.19e+00 2.24e+00 2.28e+00 2.33e+00 2.38e+00 2.42e+00
  2.46e+00 2.51e+00 2.55e+00 2.59e+00 2.64e+00 2.68e+00 2.72e+00 2.76e+00 2.80e+00 2.84e+00
  2.87e+00 2.91e+00 2.95e+00 2.98e+00 3.01e+00 3.05e+00 3.08e+00 3.11e+00 3.14e+00 3.17e+00
  3.20e+00 3.23e+00 3.26e+00 3.29e+00 3.31e+00 3.34e+00 3.37e+00 3.40e+00 3.43e+00 3.45e+00
  3.48e+00 3.51e+00 3.54e+00 3.57e+00 3.60e+00 3.62e+00 3.65e+00 3.68e+00 3.71e+00 3.74e+00
  3.76e+00 3.79e+00 3.82e+00 3.85e+00 3.87e+00 3.90e+00 3.93e+00 3.96e+00 3.98e+00 4.01e+00
  4.04e+00 4.06e+00 4.09e+00 4.11e+00 4.14e+00 4.17e+00 4.19e+00 4.22e+00 4.25e+00 4.27e+00
  4.30e+00 4.32e+00 4.35e+00 4.38e+00 4.40e+00 4.43e+00 4.45e+00 4.48e+00 4.50e+00 4.53e+00
  4.55e+00 4.58e+00 4.60e+00 4.63e+00 4.65e+00 4.68e+00 4.70e+00 4.73e+00 4.75e+00 4.78e+00
  4.80e+00 4.83e+00 4.85e+00 4.88e+00 4.90e+00 4.93e+00 4.95e+00 4.98e+00 5.00e+00 5.03e+00
  5.05e+00 5.08e+00 5.10e+00 5.13e+00 5.15e+00 5.18e+00 5.20e+00 5.23e+00 5.25e+00 5.27e+00
  5.30e+00 5.32e+00 5.35e+00 5.37e+00 5.39e+00 5.42e+00 5.44e+00 5.47e+00 5.49e+00 5.51e+00
  5.54e+00 5.56e+00 5.59e+00 5.61e+00 5.63e+00 5.66e+00 5.68e+00 5.71e+00 5.73e+00 5.75e+00
  5.77e+00 5.80e+00 5.82e+00 5.85e+00 5.87e+00 5.89e+00 5.92e+00 5.94e+00 5.96e+00 5.99e+00
  6.01e+00 6.04e+00 6.06e+00 6.09e+00 6.11e+00 6.13e+00 6.16e+00 6.18e+00 6.21e+00 6.23e+00
  6.25e+00 6.28e+00 6.30e+00 6.33e+00 6.35e+00 6.38e+00 6.40e+00 6.42e+00 6.45e+00 6.47e+00
  6.50e+00 6.52e+00 6.54e+00 6.57e+00 6.59e+00 6.62e+00 6.64e+00 6.67e+00 6.69e+00 6.72e+00
  6.74e+00 6.77e+00 6.79e+00 6.81e+00 6.84e+00 6.86e+00 6.89e+00 6.91e+00 6.93e+00 6.96e+00
  6.98e+00 7.01e+00 7.03e+00 7.06e+00 7.08e+00 7.10e+00 7.13e+00 7.15e+00 7.18e+00 7.20e+00
  7.23e+00 7.25e+00 7.28e+00 7.30e+00 7.32e+00 7.35e+00 7.37e+00 7.40e+00 7.42e+00 7.45e+00
  7.47e+00 7.49e+00 7.52e+00 7.54e+00 7.57e+00 7.59e+00 7.62e+00 7.64e+00 7.66e+00 7.69e+00
  7.71e+00 7.74e+00 7.76e+00 7.79e+00 7.81e+00 7.83e+00 7.86e+00 7.88e+00 7.91e+00 7.93e+00
  7.95e+00 7.98e+00 8.00e+00 8.03e+00 8.05e+00 8.08e+00 8.10e+00 8.12e+00 8.15e+00 8.17e+00
  8.19e+00 8.22e+00 8.24e+00 8.27e+00 8.29e+00 8.32e+00 8.34e+00 8.36e+00 8.39e+00 8.41e+00
  8.43e+00 8.46e+00 8.48e+00 8.51e+00 8.53e+00 8.55e+00 8.58e+00 8.60e+00 8.62e+00 8.65e+00
  8.67e+00 8.70e+00 8.72e+00 8.74e+00 8.77e+00 8.79e+00 8.82e+00 8.84e+00 8.86e+00 8.89e+00
  8.91e+00 8.93e+00 8.96e+00 8.98e+00 9.01e+00 9.03e+00 9.05e+00 9.08e+00 9.10e+00 9.12e+00
  9.15e+00 9.17e+00 9.20e+00 9.22e+00 9.24e+00 9.27e+00 9.29e+00 9.32e+00 9.34e+00 9.36e+00
  9.39e+00 9.41e+00 9.43e+00 9.46e+00 9.48e+00 9.51e+00 9.53e+00 9.55e+00 9.58e+00 9.60e+00
  9.62e+00 9.65e+00 9.67e+00 9.70e+00 9.72e+00 9.74e+00 9.77e+00 9.79e+00 9.81e+00 9.84e+00
  9.86e+00 9.89e+00 9.91e+00 9.93e+00 9.96e+00 9.98e+00 1.00e+01 1.00e+01 1.01e+01 1.01e+01
  1.01e+01 1.01e+01 1.01e+01 1.02e+01 1.02e+01 1.02e+01 1.02e+01 1.03e+01 1.03e+01 1.03e+01
  1.03e+01 1.04e+01 1.04e+01 1.04e+01 1.04e+01 1.05e+01 1.05e+01 1.05e+01 1.05e+01 1.06e+01
  1.06e+01 1.06e+01 1.06e+01 1.06e+01 1.07e+01 1.07e+01 1.07e+01 1.07e+01 1.08e+01 1.08e+01
  1.08e+01 1.08e+01 1.09e+01 1.09e+01 1.09e+01 1.09e+01 1.10e+01 1.10e+01 1.10e+01 1.10e+01
  1.10e+01 1.11e+01 1.11e+01 1.11e+01 1.11e+01 1.12e+01 1.12e+01 1.12e+01 1.12e+01 1.13e+01
  1.13e+01 1.13e+01 1.13e+01 1.14e+01 1.14e+01 1.14e+01 1.14e+01 1.14e+01 1.15e+01 1.15e+01
  1.15e+01 1.15e+01 1.16e+01 1.16e+01 1.16e+01 1.16e+01 1.17e+01 1.17e+01 1.17e+01 1.17e+01
  1.18e+01 1.18e+01 1.18e+01 1.18e+01 1.19e+01 1.19e+01 1.19e+01 1.19e+01 1.19e+01 1.20e+01
  1.20e+01 1.20e+01 1.20e+01 1.21e+01 1.21e+01 1.21e+01 1.21e+01 1.22e+01 1.22e+01 1.22e+01
  1.22e+01 1.22e+01 1.23e+01 1.23e+01 1.23e+01 1.23e+01 1.24e+01 1.24e+01 1.24e+01 1.24e+01
  1.25e+01 1.25e+01 1.25e+01 1.25e+01 1.26e+01 1.26e+01 1.26e+01 1.26e+01 1.26e+01 1.27e+01
  1.27e+01 1.27e+01 1.27e+01 1.28e+01 1.28e+01 1.28e+01 1.28e+01 1.29e+01 1.29e+01 1.29e+01
  1.29e+01 1.30e+01 1.30e+01 1.30e+01 1.30e+01 1.30e+01 1.31e+01 1.31e+01 1.31e+01 1.31e+01
  1.32e+01 1.32e+01 1.32e+01 1.32e+01 1.33e+01 1.33e+01 1.33e+01 1.33e+01 1.34e+01 1.34e+01
  1.34e+01 1.34e+01 1.34e+01 1.35e+01 1.35e+01 1.35e+01 1.35e+01 1.36e+01 1.36e+01 1.36e+01
  1.36e+01 1.37e+01 1.37e+01 1.37e+01 1.37e+01 1.37e+01 1.38e+01 1.38e+01 1.38e+01 1.38e+01
  1.39e+01 1.39e+01 1.39e+01 1.39e+01 1.40e+01 1.40e+01 1.40e+01 1.40e+01 1.41e+01 1.41e+01
  1.41e+01 1.41e+01 1.41e+01 1.42e+01 1.42e+01 1.42e+01 1.42e+01 1.43e+01 1.43e+01 1.43e+01
  1.43e+01 1.43e+01 1.44e+01 1.44e+01 1.44e+01 1.44e+01 1.45e+01 1.45e+01 1.45e+01 1.45e+01
  1.45e+01 1.46e+01 1.46e+01 1.46e+01 1.46e+01 1.46e+01 1.46e+01 1.47e+01 1.47e+01 1.47e+01
  1.47e+01 1.47e+01 1.48e+01 1.48e+01 1.48e+01 1.48e+01 1.48e+01 1.48e+01 1.48e+01 1.49e+01
  1.49e+01 1.49e+01 1.49e+01 1.49e+01 1.49e+01 1.49e+01 1.49e+01 1.49e+01 1.50e+01 1.50e+01
  1.50e+01 1.50e+01 1.50e+01 1.50e+01 1.51e+01 1.51e+01 1.51e+01 1.51e+01 1.51e+01 1.51e+01
  1.51e+01 1.51e+01 1.51e+01 1.51e+01 1.51e+01 1.51e+01 1.51e+01 1.51e+01 1.51e+01 1.51e+01
  1.51e+01 1.51e+01 1.51e+01 1.51e+01 1.51e+01 1.51e+01 1.51e+01 1.51e+01 1.51e+01 1.51e+01
  1.51e+01 1.51e+01 1.51e+01 1.51e+01 1.51e+01 1.51e+01 1.51e+01 1.51e+01 1.51e+01 1.51e+01
  1.51e+01 1.51e+01 1.51e+01 1.51e+01 1.51e+01 1.51e+01 1.51e+01 1.51e+01 1.51e+01 1.51e+01
  1.51e+01 1.51e+01 1.51e+01 1.51e+01 1.51e+01 1.51e+01 1.51e+01 1.51e+01 1.51e+01 1.51e+01
  1.51e+01 1.51e+01 1.51e+01 1.51e+01 1.51e+01 1.51e+01 1.51e+01 1.51e+01 1.51e+01 1.51e+01
  1.51e+01 1.51e+01 1.51e+01 1.51e+01 1.51e+01 1.51e+01 1.51e+01 1.51e+01 1.51e+01 1.51e+01
  1.51e+01 1.51e+01 1.51e+01 1.51e+01 1.51e+01 1.51e+01 1.51e+01 1.51e+01 1.51e+01 1.51e+01
  1.51e+01 1.51e+01 1.51e+01 1.51e+01 1.51e+01 1.51e+01 1.51e+01 1.51e+01 1.51e+01 1.51e+01
  1.51e+01 1.51e+01 1.51e+01 1.51e+01 1.51e+01 1.51e+01 1.51e+01 1.51e+01 1.51e+01 1.51e+01
  1.51e+01 1.51e+01 1.51e+01 1.51e+01 1.51e+01 1.51e+01 1.51e+01 1.51e+01 1.51e+01 1.51e+01
  1.51e+01 1.51e+01 1.51e+01 1.51e+01 1.51e+01 1.51e+01 1.51e+01 1.51e+01 1.51e+01 1.51e+01
  1.51e+01 1.51e+01 1.51e+01 1.51e+01 1.51e+01 1.51e+01 1.51e+01 1.51e+01 1.51e+01 1.51e+01
  1.51e+01 1.51e+01 1.51e+01 1.51e+01 1.51e+01 1.51e+01 1.51e+01 1.51e+01 1.51e+01 1.51e+01
  1.51e+01 1.51e+01 1.51e+01 1.51e+01 1.51e+01 1.51e+01 1.51e+01 1.51e+01 7.99e-44

[ R.extra_param ]
5.0e-10   3.0e-8             TDC scale (ns/chan), t0 resolution (ns)
3  7  1  500  1600 35e-9 250.0e-9  min_clust_size, max_clust_span, max_gap, min_time, max_time, mindiff time (ns), maxdiff time (ns)
2.12e-3 0.0 0.0 0.0 -4.2e-4 1.3e-3 1.06e-4 0.0 4e-9    AnalyticTTD parameters
2.118  0.160    VDC size parameters (height width)







# Optimized by Jin Huang @ Tue Sep  7 01:24:15 2010
# Saved to ArchivedRootFiles/SieveCentralRHRS/db_R.vdc.dat.3.Dp.xLinear
[ R.global ]  
0.3348 1 0.0 269.8 0.0 -1.6e-03           VDC Angle, Plane Spacing, Gamma Coefficents   
matrix elements   
t 0 0 0  -1.003100e+00 -3.500200e-01 -4.878100e-02  0.000000e+00  0.000000e+00  0.000000e+00  0.000000e+00  0
y 0 0 0  -6.725700e-03 -1.141500e-02 -3.353800e-03  0.000000e+00  0.000000e+00  0.000000e+00  0.000000e+00  0
p 0 0 0  -2.492000e-03 -2.014700e-02 -1.291400e-02  0.000000e+00  0.000000e+00  0.000000e+00  0.000000e+00  0
D 0 0 0  -1.600845e-03  7.430727e-02  1.032800e-02  1.029100e-03 -3.844200e-03  0.000000e+00  0.000000e+00  2
D 0 0 1  -6.962300e-04  1.697200e-02 -6.017900e-02  0.000000e+00  0.000000e+00  0.000000e+00  0.000000e+00  0
D 0 0 2   1.061300e+00 -9.148900e-01  0.000000e+00  0.000000e+00  0.000000e+00  0.000000e+00  0.000000e+00  0
D 0 0 3  -6.392100e+00  0.000000e+00  0.000000e+00  0.000000e+00  0.000000e+00  0.000000e+00  0.000000e+00  0
D 0 1 0  -8.788700e-03 -5.888200e-03  1.931300e-02  0.000000e+00  0.000000e+00  0.000000e+00  0.000000e+00  0
D 0 1 1  -1.149200e+00 -1.379000e+00  5.069400e-01  0.000000e+00  0.000000e+00  0.000000e+00  0.000000e+00  0
D 0 1 2  -8.496800e+00  0.000000e+00  0.000000e+00  0.000000e+00  0.000000e+00  0.000000e+00  0.000000e+00  0
D 0 2 0   6.500800e-01  9.403000e-01  0.000000e+00  0.000000e+00  0.000000e+00  0.000000e+00  0.000000e+00  0
D 0 2 1   2.169900e+01  0.000000e+00  0.000000e+00  0.000000e+00  0.000000e+00  0.000000e+00  0.000000e+00  0
D 0 3 0  -7.716600e+00  0.000000e+00  0.000000e+00  0.000000e+00  0.000000e+00  0.000000e+00  0.000000e+00  0
D 0 4 0   4.256300e+01  0.000000e+00  0.000000e+00  0.000000e+00  0.000000e+00  0.000000e+00  0.000000e+00  0
D 0 5 0   2.563600e+03  0.000000e+00  0.000000e+00  0.000000e+00  0.000000e+00  0.000000e+00  0.000000e+00  0
D 1 0 0  -5.596500e-03  2.561900e-01  1.442300e-02 -7.105100e-02  0.000000e+00  0.000000e+00  0.000000e+00  0
D 1 0 1  -1.012900e+00  1.691700e+00 -3.055700e+00  0.000000e+00  0.000000e+00  0.000000e+00  0.000000e+00  0
D 1 0 2   4.753400e+01  2.813400e+01  0.000000e+00  0.000000e+00  0.000000e+00  0.000000e+00  0.000000e+00  0
D 1 1 0   9.302100e-01 -9.245400e-03  3.251000e+00  0.000000e+00  0.000000e+00  0.000000e+00  0.000000e+00  0
D 1 1 1  -1.147000e+01 -1.083200e+02  0.000000e+00  0.000000e+00  0.000000e+00  0.000000e+00  0.000000e+00  0
D 1 2 0  -3.167800e+01  5.529000e+01  0.000000e+00  0.000000e+00  0.000000e+00  0.000000e+00  0.000000e+00  0
D 1 3 0   5.468200e+02  0.000000e+00  0.000000e+00  0.000000e+00  0.000000e+00  0.000000e+00  0.000000e+00  0
D 1 4 0  -1.233200e+04  0.000000e+00  0.000000e+00  0.000000e+00  0.000000e+00  0.000000e+00  0.000000e+00  0
D 2 0 0  -2.172900e+00  1.879200e+00  1.469400e-01  0.000000e+00  0.000000e+00  0.000000e+00  0.000000e+00  0
D 2 0 1   6.298300e+00  5.307400e+01  0.000000e+00  0.000000e+00  0.000000e+00  0.000000e+00  0.000000e+00  0
D 2 1 0   5.414100e+01 -7.153600e+01  0.000000e+00  0.000000e+00  0.000000e+00  0.000000e+00  0.000000e+00  0
D 2 2 0  -1.426500e+03  0.000000e+00  0.000000e+00  0.000000e+00  0.000000e+00  0.000000e+00  0.000000e+00  0
D 2 3 0  -1.868600e+04  0.000000e+00  0.000000e+00  0.000000e+00  0.000000e+00  0.000000e+00  0.000000e+00  0
D 3 0 0   4.364000e+01  1.433800e+01  0.000000e+00  0.000000e+00  0.000000e+00  0.000000e+00  0.000000e+00  0
D 3 1 0  -2.972400e+03  0.000000e+00  0.000000e+00  0.000000e+00  0.000000e+00  0.000000e+00  0.000000e+00  0
D 3 2 0   9.107700e+04  0.000000e+00  0.000000e+00  0.000000e+00  0.000000e+00  0.000000e+00  0.000000e+00  0
D 4 0 0   3.021500e+03  0.000000e+00  0.000000e+00  0.000000e+00  0.000000e+00  0.000000e+00  0.000000e+00  0
D 4 1 0  -1.154500e+03  0.000000e+00  0.000000e+00  0.000000e+00  0.000000e+00  0.000000e+00  0.000000e+00  0
D 5 0 0  -9.496600e+03  0.000000e+00  0.000000e+00  0.000000e+00  0.000000e+00  0.000000e+00  0.000000e+00  0
T 0 0 0  -1.524427e-03  4.630632e-04  9.531179e-03  3.436756e-03  0.000000e+00  0.000000e+00  0.000000e+00  4
T 1 0 0  -2.275070e+00  3.519140e-01 -3.889536e-02  1.356695e-01  0.000000e+00  0.000000e+00  0.000000e+00  4
T 2 0 0  -8.040642e+00  2.227699e+00 -1.753096e+01  0.000000e+00  0.000000e+00  0.000000e+00  0.000000e+00  3
T 3 0 0   4.782184e+02 -4.198359e+01  0.000000e+00  0.000000e+00  0.000000e+00  0.000000e+00  0.000000e+00  2
T 4 0 0   1.078802e+04  3.728998e+03  0.000000e+00  0.000000e+00  0.000000e+00  0.000000e+00  0.000000e+00  2
T 0 0 2  -3.537534e+00 -4.769982e+00  1.559000e+00  0.000000e+00  0.000000e+00  0.000000e+00  0.000000e+00  3
T 0 2 0   1.323659e+00 -3.449707e-01 -8.844811e-01  0.000000e+00  0.000000e+00  0.000000e+00  0.000000e+00  3
T 1 2 0  -1.451490e+02  7.611703e+00  0.000000e+00  0.000000e+00  0.000000e+00  0.000000e+00  0.000000e+00  2
T 1 0 2   5.145881e+01 -1.936990e+02  0.000000e+00  0.000000e+00  0.000000e+00  0.000000e+00  0.000000e+00  2
T 2 2 0  -4.074522e+03  1.467800e+04  0.000000e+00  0.000000e+00  0.000000e+00  0.000000e+00  0.000000e+00  2
T 2 0 2   3.016932e+04  8.167723e+04  0.000000e+00  0.000000e+00  0.000000e+00  0.000000e+00  0.000000e+00  2
T 0 2 2  -2.952824e+03  5.287074e+03  0.000000e+00  0.000000e+00  0.000000e+00  0.000000e+00  0.000000e+00  2
T 3 2 0   4.527145e+05  0.000000e+00  0.000000e+00  0.000000e+00  0.000000e+00  0.000000e+00  0.000000e+00  1
T 3 0 2  -6.712146e+05  0.000000e+00  0.000000e+00  0.000000e+00  0.000000e+00  0.000000e+00  0.000000e+00  1
T 0 1 0  -3.683467e-02 -2.749987e-02 -5.404440e-02  0.000000e+00  0.000000e+00  0.000000e+00  0.000000e+00  3
T 0 0 1   6.275436e-02  2.049583e-02  1.660609e-02  0.000000e+00  0.000000e+00  0.000000e+00  0.000000e+00  3
T 1 1 0   1.852480e+01  3.156651e+00  7.721206e+00  0.000000e+00  0.000000e+00  0.000000e+00  0.000000e+00  3
T 1 0 1  -2.602027e+01  5.476272e+00  2.814375e+00  0.000000e+00  0.000000e+00  0.000000e+00  0.000000e+00  3
T 0 1 1   2.746284e-01  7.163625e+00 -6.041510e+00  0.000000e+00  0.000000e+00  0.000000e+00  0.000000e+00  3
T 2 1 0   2.127134e+02  9.897001e+01  1.432251e+03  0.000000e+00  0.000000e+00  0.000000e+00  0.000000e+00  3
T 2 0 1  -2.272567e+02 -5.250559e+02 -9.029675e+02  0.000000e+00  0.000000e+00  0.000000e+00  0.000000e+00  3
T 1 1 1   3.386336e+02  1.717281e+02 -7.124327e+02  0.000000e+00  0.000000e+00  0.000000e+00  0.000000e+00  3
T 2 1 1  -1.675181e+04 -7.843381e+04  0.000000e+00  0.000000e+00  0.000000e+00  0.000000e+00  0.000000e+00  2
T 3 1 0  -3.444345e+04 -5.609442e+03  0.000000e+00  0.000000e+00  0.000000e+00  0.000000e+00  0.000000e+00  2
T 3 0 1   3.993986e+04 -9.907524e+03  0.000000e+00  0.000000e+00  0.000000e+00  0.000000e+00  0.000000e+00  2
P 0 0 0  -1.860004e-03 -3.623125e-03  4.274027e-03  0.000000e+00  0.000000e+00  0.000000e+00  0.000000e+00  3
P 0 0 1  -1.265490e-02 -5.542155e-01  1.207567e-01  1.645181e-01  0.000000e+00  0.000000e+00  0.000000e+00  4
P 1 0 0  -1.992923e-02 -1.147604e-01 -1.026525e-01  0.000000e+00  0.000000e+00  0.000000e+00  0.000000e+00  3
P 0 1 0  -5.768147e-01  4.379224e-01 -6.113595e-02 -1.405636e-01  2.353832e-02  0.000000e+00  0.000000e+00  5
P 0 2 0  -1.015287e+00  4.181052e+00  1.583440e+00  0.000000e+00  0.000000e+00  0.000000e+00  0.000000e+00  3
P 0 0 2   1.965237e+00 -1.116183e+00 -3.041743e+00  0.000000e+00  0.000000e+00  0.000000e+00  0.000000e+00  3
P 2 0 0   1.308375e+01 -8.710645e+00  5.672517e+00  0.000000e+00  0.000000e+00  0.000000e+00  0.000000e+00  3
P 0 1 1  -9.365199e-01 -5.994147e+00  5.334879e+00  0.000000e+00  0.000000e+00  0.000000e+00  0.000000e+00  3
P 0 1 2  -1.390784e+02 -3.855456e+02 -3.153223e+02  0.000000e+00  0.000000e+00  0.000000e+00  0.000000e+00  3
P 0 2 1   5.466711e+01 -1.377366e+02  4.924159e+02  0.000000e+00  0.000000e+00  0.000000e+00  0.000000e+00  3
P 1 1 0   5.788340e+00  1.098700e+01  5.179677e+00  0.000000e+00  0.000000e+00  0.000000e+00  0.000000e+00  3
P 1 0 1  -3.456441e+00 -1.088391e+01 -5.866757e+00  0.000000e+00  0.000000e+00  0.000000e+00  0.000000e+00  3
P 0 0 3   3.176449e+02  1.733191e+02  0.000000e+00  0.000000e+00  0.000000e+00  0.000000e+00  0.000000e+00  2
P 2 0 1   5.132032e+02 -2.607802e+02  0.000000e+00  0.000000e+00  0.000000e+00  0.000000e+00  0.000000e+00  2
P 2 1 0  -6.022175e+02  2.016180e+02 -1.026321e+02  0.000000e+00  0.000000e+00  0.000000e+00  0.000000e+00  3
P 3 0 1   1.457728e+04  3.652120e+04  0.000000e+00  0.000000e+00  0.000000e+00  0.000000e+00  0.000000e+00  2
P 3 1 0  -7.772011e+03 -3.507134e+04  0.000000e+00  0.000000e+00  0.000000e+00  0.000000e+00  0.000000e+00  2
P 3 1 1   3.203445e+05  0.000000e+00  0.000000e+00  0.000000e+00  0.000000e+00  0.000000e+00  0.000000e+00  1
P 4 0 1  -7.264027e+05  6.089738e+05  0.000000e+00  0.000000e+00  0.000000e+00  0.000000e+00  0.000000e+00  2
P 4 1 0   2.596431e+05  2.027441e+05  0.000000e+00  0.000000e+00  0.000000e+00  0.000000e+00  0.000000e+00  2
P 0 3 0   1.043688e+00 -4.535489e+01  9.968994e+00  0.000000e+00  0.000000e+00  0.000000e+00  0.000000e+00  3
P 1 1 1   1.223231e+01 -1.033302e+02 -1.627282e+02  0.000000e+00  0.000000e+00  0.000000e+00  0.000000e+00  3
P 1 2 1  -3.442829e+03  8.905264e+03  0.000000e+00  0.000000e+00  0.000000e+00  0.000000e+00  0.000000e+00  2
P 1 1 2   4.017730e+03 -9.148933e+03  0.000000e+00  0.000000e+00  0.000000e+00  0.000000e+00  0.000000e+00  2
P 2 1 1   4.446877e+03 -6.134717e+03  0.000000e+00  0.000000e+00  0.000000e+00  0.000000e+00  0.000000e+00  2
Y 0 0 0  -4.661385e-03  2.023974e-03  3.771986e-04 -3.637550e-03  4.430798e-03  0.000000e+00  0.000000e+00  5
Y 0 0 1   1.353122e+00  8.546664e-01 -1.178399e+00 -1.014071e+00  0.000000e+00  0.000000e+00  0.000000e+00  4
Y 0 0 2   2.869161e+01  1.252404e+01  7.535110e+00  1.418145e+02  0.000000e+00  0.000000e+00  0.000000e+00  4
Y 0 0 3  -2.061301e+03 -3.040363e+03  0.000000e+00  0.000000e+00  0.000000e+00  0.000000e+00  0.000000e+00  2
Y 0 1 0  -1.227906e-01 -1.537316e+00  3.319926e-01  1.589234e+00  0.000000e+00  0.000000e+00  0.000000e+00  4
Y 0 1 1  -1.002671e+00 -3.134016e+01 -4.973381e+01 -1.341959e+02  0.000000e+00  0.000000e+00  0.000000e+00  4
Y 0 1 2   9.310425e+02  6.397349e+03  5.845907e+03 -2.951872e+03  0.000000e+00  0.000000e+00  0.000000e+00  4
Y 0 2 0   1.492644e+00 -1.183213e+01  2.066298e+01  6.742377e+01  0.000000e+00  0.000000e+00  0.000000e+00  4
Y 0 2 1  -5.773729e+02 -1.986515e+03 -4.513829e+03 -3.838002e+02  0.000000e+00  0.000000e+00  0.000000e+00  4
Y 0 2 2  -2.379388e+03  1.375603e+04  0.000000e+00  0.000000e+00  0.000000e+00  0.000000e+00  0.000000e+00  2
Y 0 3 0   1.754484e+02  6.651246e+02  7.045233e+01  0.000000e+00  0.000000e+00  0.000000e+00  0.000000e+00  3
Y 0 4 0  -6.605937e+02 -6.657403e+01  0.000000e+00  0.000000e+00  0.000000e+00  0.000000e+00  0.000000e+00  2
Y 1 0 0   1.308406e-01  2.221692e-01 -2.281250e-02 -8.055006e-02  0.000000e+00  0.000000e+00  0.000000e+00  4
Y 1 0 1   1.779741e+01  1.755184e+01  2.064727e+00 -7.169199e+01  0.000000e+00  0.000000e+00  0.000000e+00  4
Y 1 0 2   1.564567e+00 -2.178272e+03  1.009435e+02  6.346494e+03  0.000000e+00  0.000000e+00  0.000000e+00  4
Y 1 0 3  -4.946754e+04  0.000000e+00  0.000000e+00  0.000000e+00  0.000000e+00  0.000000e+00  0.000000e+00  1
Y 1 1 0  -1.954926e+01 -5.423903e+00  2.013298e+00  3.620161e-02  0.000000e+00  0.000000e+00  0.000000e+00  4
Y 1 1 1  -8.802042e+02 -1.926798e+02  5.864028e+02  0.000000e+00  0.000000e+00  0.000000e+00  0.000000e+00  3
Y 1 1 2   9.230007e+04  1.144321e+05  0.000000e+00  0.000000e+00  0.000000e+00  0.000000e+00  0.000000e+00  2
Y 1 2 0  -1.268052e+02  7.049227e+02  5.137333e+02 -8.368731e+02  0.000000e+00  0.000000e+00  0.000000e+00  4
Y 1 2 1  -3.040219e+04 -7.917678e+04  0.000000e+00  0.000000e+00  0.000000e+00  0.000000e+00  0.000000e+00  2
Y 1 2 2   6.322055e+05 -2.078822e+06  0.000000e+00  0.000000e+00  0.000000e+00  0.000000e+00  0.000000e+00  2
Y 1 3 0   1.040374e+04  0.000000e+00  0.000000e+00  0.000000e+00  0.000000e+00  0.000000e+00  0.000000e+00  1
Y 2 0 0  -1.106865e+01 -1.376189e+00 -1.554294e+01  2.510988e+01  0.000000e+00  0.000000e+00  0.000000e+00  4
Y 2 0 1  -3.736162e+02  5.480813e+02  8.716939e+02  6.492088e+02  0.000000e+00  0.000000e+00  0.000000e+00  4
Y 2 1 0   8.073223e+02  4.063834e+01 -9.273923e+01 -3.536687e+03  0.000000e+00  0.000000e+00  0.000000e+00  4
Y 2 1 1   1.229385e+04 -5.291309e+03  0.000000e+00  0.000000e+00  0.000000e+00  0.000000e+00  0.000000e+00  2
Y 2 1 2   3.120433e+05 -4.232968e+06  0.000000e+00  0.000000e+00  0.000000e+00  0.000000e+00  0.000000e+00  2
Y 2 2 1  -1.076772e+06  4.223475e+06  0.000000e+00  0.000000e+00  0.000000e+00  0.000000e+00  0.000000e+00  2
Y 3 0 0  -1.903431e+02  0.000000e+00  0.000000e+00  0.000000e+00  0.000000e+00  0.000000e+00  0.000000e+00  1
Y 3 0 1  -1.253843e+04  0.000000e+00  0.000000e+00  0.000000e+00  0.000000e+00  0.000000e+00  0.000000e+00  1
Y 3 1 0   1.557423e+04  0.000000e+00  0.000000e+00  0.000000e+00  0.000000e+00  0.000000e+00  0.000000e+00  1
L 0 0 0 0  24.216
L 0 1 0 0 -13.1041
L 0 2 0 0  20.8672
L 0 1 1 0  -1.8728
L 1 0 0 0   0.0482
L 2 0 0 0   0.0675
L 1 0 0 1   0.0281
L 1 1 0 0   2.4314
L 0 0 0 1   0.1408
L 1 0 1 0  -0.0845
L 0 0 0 2   9.3063
L 0 0 2 0   6.3451
L 0 0 1 1  -7.7394
L 0 0 1 0  -0.1443
L 0 1 0 1   1.7292


