############ LEFT VDC #########################
No of Crate, Slot, First, Last chans
[ L.vdc.u1 ]
3       7       0      95                  U1: u1cr1, u1sl1, u1cf1, u1cl1
3       8       0      95                  ~~~ u1cr2, u1sl2, u1cf2, u1cl2
3       9       0      95                      u1cr3, u1sl3, u1cf3, u1cl3
3       10       0      79                      u1cr4, u1sl4, u1cf4, u1cl4
0.0  0.77852 -.0042426 -45.0                   z, wbeg, wspac, wangle (m)
49.28e3                                        Drift velocity (m/s)
TDC Offset Values
   1 1893.1    2 1893.1    3 1893.1    4 1893.1    5 1893.1    6 1893.1    7 1893.1    8 1893.1
   9 1893.1   10 1893.1   11 1893.1   12 1893.1   13 1893.1   14 1893.1   15 1893.1   16 1893.1
  17 1891.3   18 1891.3   19 1891.3   20 1891.3   21 1891.3   22 1891.3   23 1891.3   24 1891.3
  25 1891.3   26 1891.3   27 1891.3   28 1891.3   29 1891.3   30 1891.3   31 1891.3   32 1891.3
  33 1890.8   34 1890.8   35 1890.8   36 1890.8   37 1890.8   38 1890.8   39 1890.8   40 1890.8
  41 1890.8   42 1890.8   43 1890.8   44 1890.8   45 1890.8   46 1890.8   47 1890.8   48 1890.8
  49 1887.9   50 1887.9   51 1887.9   52 1887.9   53 1887.9   54 1887.9   55 1887.9   56 1887.9
  57 1887.9   58 1887.9   59 1887.9   60 1887.9   61 1887.9   62 1887.9   63 1887.9   64 1887.9
  65 1887.1   66 1887.1   67 1887.1   68 1887.1   69 1887.1   70 1887.1   71 1887.1   72 1887.1
  73 1887.1   74 1887.1   75 1887.1   76 1887.1   77 1887.1   78 1887.1   79 1887.1   80 1887.1
  81 1884.5   82 1884.5   83 1884.5   84 1884.5   85 1884.5   86 1884.5   87 1884.5   88 1884.5
  89 1884.5   90 1884.5   91 1884.5   92 1884.5   93 1884.5   94 1884.5   95 1884.5   96 1884.5
  97 1890.6   98 1890.6   99 1890.6  100 1890.6  101 1890.6  102 1890.6  103 1890.6  104 1890.6
 105 1890.6  106 1890.6  107 1890.6  108 1890.6  109 1890.6  110 1890.6  111 1890.6  112 1890.6
 113 1885.9  114 1885.9  115 1885.9  116 1885.9  117 1885.9  118 1885.9  119 1885.9  120 1885.9
 121 1885.9  122 1885.9  123 1885.9  124 1885.9  125 1885.9  126 1885.9  127 1885.9  128 1885.9
 129 1887.0  130 1887.0  131 1887.0  132 1887.0  133 1887.0  134 1887.0  135 1887.0  136 1887.0
 137 1887.0  138 1887.0  139 1887.0  140 1887.0  141 1887.0  142 1887.0  143 1887.0  144 1887.0
 145 1885.1  146 1885.1  147 1885.1  148 1885.1  149 1885.1  150 1885.1  151 1885.1  152 1885.1
 153 1885.1  154 1885.1  155 1885.1  156 1885.1  157 1885.1  158 1885.1  159 1885.1  160 1885.1
 161 1881.7  162 1881.7  163 1881.7  164 1881.7  165 1881.7  166 1881.7  167 1881.7  168 1881.7
 169 1881.7  170 1881.7  171 1881.7  172 1881.7  173 1881.7  174 1881.7  175 1881.7  176 1881.7
 177 1880.8  178 1880.8  179 1880.8  180 1880.8  181 1880.8  182 1880.8  183 1880.8  184 1880.8
 185 1880.8  186 1880.8  187 1880.8  188 1880.8  189 1880.8  190 1880.8  191 1880.8  192 1880.8
 193 1888.3  194 1888.3  195 1888.3  196 1888.3  197 1888.3  198 1888.3  199 1888.3  200 1888.3
 201 1888.3  202 1888.3  203 1888.3  204 1888.3  205 1888.3  206 1888.3  207 1888.3  208 1888.3
 209 1884.0  210 1884.0  211 1884.0  212 1884.0  213 1884.0  214 1884.0  215 1884.0  216 1884.0
 217 1884.0  218 1884.0  219 1884.0  220 1884.0  221 1884.0  222 1884.0  223 1884.0  224 1884.0
 225 1886.2  226 1886.2  227 1886.2  228 1886.2  229 1886.2  230 1886.2  231 1886.2  232 1886.2
 233 1886.2  234 1886.2  235 1886.2  236 1886.2  237 1886.2  238 1886.2  239 1886.2  240 1886.2
 241 1879.1  242 1879.1  243 1879.1  244 1879.1  245 1879.1  246 1879.1  247 1879.1  248 1879.1
 249 1879.1  250 1879.1  251 1879.1  252 1879.1  253 1879.1  254 1879.1  255 1879.1  256 1879.1
 257 1884.6  258 1884.6  259 1884.6  260 1884.6  261 1884.6  262 1884.6  263 1884.6  264 1884.6
 265 1884.6  266 1884.6  267 1884.6  268 1884.6  269 1884.6  270 1884.6  271 1884.6  272 1884.6
 273 1881.5  274 1881.5  275 1881.5  276 1881.5  277 1881.5  278 1881.5  279 1881.5  280 1881.5
 281 1881.5  282 1881.5  283 1881.5  284 1881.5  285 1881.5  286 1881.5  287 1881.5  288 1881.5
 289 1882.4  290 1882.4  291 1882.4  292 1882.4  293 1882.4  294 1882.4  295 1882.4  296 1882.4
 297 1882.4  298 1882.4  299 1882.4  300 1882.4  301 1882.4  302 1882.4  303 1882.4  304 1882.4
 305 1879.7  306 1879.7  307 1879.7  308 1879.7  309 1879.7  310 1879.7  311 1879.7  312 1879.7
 313 1879.7  314 1879.7  315 1879.7  316 1879.7  317 1879.7  318 1879.7  319 1879.7  320 1879.7
 321 1879.5  322 1879.5  323 1879.5  324 1879.5  325 1879.5  326 1879.5  327 1879.5  328 1879.5
 329 1879.5  330 1879.5  331 1879.5  332 1879.5  333 1879.5  334 1879.5  335 1879.5  336 1879.5
 337 1878.5  338 1878.5  339 1878.5  340 1878.5  341 1878.5  342 1878.5  343 1878.5  344 1878.5
 345 1878.5  346 1878.5  347 1878.5  348 1878.5  349 1878.5  350 1878.5  351 1878.5  352 1878.5
 353 1880.4  354 1880.4  355 1880.4  356 1880.4  357 1880.4  358 1880.4  359 1880.4  360 1880.4
 361 1880.4  362 1880.4  363 1880.4  364 1880.4  365 1880.4  366 1880.4  367 1880.4  368 1880.4
TTD Lookup Table
-2.350e-08
745
 0.0047  0.0104  0.0171  0.0247  0.0333  0.0430  0.0534  0.0647  0.0771  0.0895
 0.1035  0.1177  0.1336  0.1503  0.1692  0.1895  0.2120  0.2356  0.2628  0.2919
 0.3238  0.3571  0.3934  0.4305  0.4692  0.5094  0.5550  0.5981  0.6427  0.6859
 0.7318  0.7763  0.8221  0.8665  0.9132  0.9580  1.0034  1.0467  1.0922  1.1360
 1.1822  1.2263  1.2721  1.3167  1.3620  1.4060  1.4513  1.4957  1.5404  1.5840
 1.6299  1.6728  1.7178  1.7617  1.8074  1.8515  1.8962  1.9399  1.9847  2.0286
 2.0736  2.1172  2.1622  2.2051  2.2496  2.2923  2.3369  2.3796  2.4231  2.4645
 2.5080  2.5497  2.5920  2.6332  2.6748  2.7150  2.7553  2.7945  2.8341  2.8721
 2.9112  2.9483  2.9862  3.0229  3.0594  3.0942  3.1294  3.1632  3.1974  3.2302
 3.2636  3.2952  3.3265  3.3567  3.3878  3.4181  3.4471  3.4752  3.5038  3.5303
 3.5575  3.5838  3.6105  3.6367  3.6628  3.6884  3.7178  3.7444  3.7717  3.7981
 3.8258  3.8531  3.8813  3.9084  3.9363  3.9632  3.9906  4.0172  4.0447  4.0714
 4.0989  4.1254  4.1528  4.1792  4.2057  4.2313  4.2587  4.2848  4.3114  4.3364
 4.3637  4.3893  4.4153  4.4407  4.4669  4.4915  4.5173  4.5421  4.5679  4.5927
 4.6183  4.6431  4.6685  4.6930  4.7178  4.7419  4.7674  4.7917  4.8168  4.8405
 4.8652  4.8889  4.9133  4.9369  4.9620  4.9862  5.0110  5.0349  5.0593  5.0828
 5.1073  5.1311  5.1554  5.1792  5.2032  5.2266  5.2509  5.2741  5.2980  5.3212
 5.3455  5.3692  5.3935  5.4170  5.4413  5.4651  5.4896  5.5123  5.5367  5.5599
 5.5836  5.6062  5.6299  5.6532  5.6772  5.7001  5.7267  5.7504  5.7738  5.7967
 5.8200  5.8429  5.8661  5.8898  5.9139  5.9368  5.9607  5.9837  6.0070  6.0301
 6.0533  6.0761  6.0989  6.1216  6.1447  6.1670  6.1897  6.2125  6.2352  6.2574
 6.2797  6.3022  6.3251  6.3470  6.3693  6.3911  6.4131  6.4353  6.4580  6.4798
 6.5020  6.5239  6.5460  6.5680  6.5905  6.6128  6.6350  6.6580  6.6810  6.7033
 6.7266  6.7492  6.7721  6.7949  6.8189  6.8426  6.8661  6.8897  6.9135  6.9374
 6.9607  6.9840  7.0076  7.0313  7.0549  7.0785  7.1031  7.1266  7.1509  7.1735
 7.1972  7.2204  7.2445  7.2679  7.2915  7.3148  7.3383  7.3616  7.3858  7.4092
 7.4329  7.4568  7.4801  7.5035  7.5271  7.5505  7.5766  7.5996  7.6222  7.6453
 7.6682  7.6916  7.7146  7.7374  7.7609  7.7843  7.8076  7.8307  7.8543  7.8774
 7.9004  7.9231  7.9469  7.9698  7.9931  8.0164  8.0394  8.0622  8.0849  8.1079
 8.1310  8.1539  8.1770  8.2002  8.2231  8.2466  8.2694  8.2929  8.3160  8.3393
 8.3621  8.3851  8.4079  8.4311  8.4534  8.4767  8.5001  8.5234  8.5462  8.5685
 8.5912  8.6141  8.6371  8.6597  8.6823  8.7047  8.7280  8.7508  8.7731  8.7955
 8.8183  8.8412  8.8642  8.8875  8.9103  8.9331  8.9560  8.9788  9.0017  9.0247
 9.0474  9.0705  9.0937  9.1161  9.1386  9.1607  9.1836  9.2058  9.2280  9.2506
 9.2729  9.2951  9.3177  9.3404  9.3629  9.3854  9.4099  9.4324  9.4547  9.4777
 9.5000  9.5226  9.5445  9.5671  9.5892  9.6117  9.6334  9.6554  9.6774  9.6995
 9.7220  9.7446  9.7666  9.7888  9.8105  9.8332  9.8564  9.8794  9.9017  9.9246
 9.9464  9.9693  9.9917 10.0145 10.0373 10.0598 10.0820 10.1048 10.1274 10.1504
10.1730 10.1960 10.2187 10.2418 10.2639 10.2868 10.3099 10.3334 10.3562 10.3790
10.4018 10.4246 10.4472 10.4705 10.4935 10.5171 10.5392 10.5618 10.5845 10.6078
10.6300 10.6531 10.6755 10.6987 10.7214 10.7439 10.7662 10.7886 10.8107 10.8335
10.8557 10.8787 10.9008 10.9234 10.9457 10.9690 10.9913 11.0141 11.0365 11.0592
11.0813 11.1045 11.1271 11.1500 11.1721 11.1950 11.2191 11.2423 11.2645 11.2873
11.3093 11.3322 11.3544 11.3773 11.3994 11.4229 11.4445 11.4676 11.4897 11.5123
11.5344 11.5574 11.5793 11.6020 11.6240 11.6468 11.6681 11.6905 11.7124 11.7354
11.7576 11.7806 11.8025 11.8252 11.8471 11.8702 11.8925 11.9151 11.9370 11.9597
11.9822 12.0044 12.0264 12.0490 12.0709 12.0934 12.1152 12.1381 12.1601 12.1828
12.2044 12.2271 12.2491 12.2712 12.2934 12.3162 12.3380 12.3604 12.3822 12.4050
12.4271 12.4493 12.4711 12.4938 12.5157 12.5379 12.5598 12.5821 12.6037 12.6260
12.6479 12.6709 12.6922 12.7152 12.7370 12.7591 12.7807 12.8028 12.8254 12.8479
12.8698 12.8916 12.9136 12.9368 12.9589 12.9813 13.0075 13.0303 13.0521 13.0748
13.0964 13.1193 13.1401 13.1630 13.1846 13.2074 13.2288 13.2518 13.2734 13.2960
13.3181 13.3407 13.3626 13.3853 13.4071 13.4295 13.4514 13.4740 13.4955 13.5181
13.5395 13.5624 13.5843 13.6068 13.6287 13.6510 13.6726 13.6956 13.7171 13.7400
13.7615 13.7843 13.8060 13.8287 13.8507 13.8734 13.8952 13.9180 13.9398 13.9622
13.9839 14.0067 14.0276 14.0500 14.0716 14.0936 14.1149 14.1375 14.1586 14.1807
14.2020 14.2239 14.2448 14.2668 14.2876 14.3093 14.3298 14.3521 14.3724 14.3937
14.4140 14.4347 14.4543 14.4748 14.4938 14.5132 14.5318 14.5520 14.5702 14.5893
14.6069 14.6259 14.6435 14.6613 14.6777 14.6952 14.7126 14.7290 14.7442 14.7600
14.7747 14.7896 14.8033 14.8178 14.8307 14.8447 14.8574 14.8702 14.8825 14.8943
14.9054 14.9164 14.9269 14.9376 14.9474 14.9569 14.9660 14.9748 14.9827 14.9908
14.9980 15.0056 15.0122 15.0189 15.0248 15.0312 15.0368 15.0422 15.0473 15.0523
15.0568 15.0610 15.0650 15.0689 15.0724 15.0761 15.0792 15.0822 15.0849 15.0875
15.0898 15.0922 15.0942 15.0962 15.0980 15.0997 15.1012 15.1026 15.1037 15.1049
15.1059 15.1070 15.1078 15.1086 15.1094 15.1101 15.1107 15.1114 15.1118 15.1124
15.1129 15.1132 15.1135 15.1138 15.1141 15.1144 15.1146 15.1149 15.1151 15.1153
15.1155 15.1156 15.1158 15.1160 15.1161 15.1162 15.1163 15.1164 15.1165 15.1166
15.1167 15.1168 15.1169 15.1169 15.1170 15.1171 15.1172 15.1172 15.1173 15.1174
15.1174 15.1175 15.1175 15.1176 15.1176 15.1176 15.1177 15.1177 15.1178 15.1178
15.1179 15.1179 15.1180 
[ L.vdc.v1 ]
3      19       0      95                  V1: v1cr1, v1sl1, v1cf1, v1cl1
3      20       0      95                      v1cr2, v1sl2, v1cf2, v1cl2
3      21       0      95                      v1cr3, v1sl3, v1cf3, v1cl3
3      22       0      79                      v1cr4, v1sl4, v1cf4, v1cl4
0.026  0.77852 -.0042426 45.0                  z, wbeg, wspac, wangle (m)
49.13e3                                        Drift velocity (m/s)
TDC Offset Values
   1 1899.0    2 1899.0    3 1899.0    4 1899.0    5 1899.0    6 1899.0    7 1899.0    8 1899.0
   9 1899.0   10 1899.0   11 1899.0   12 1899.0   13 1899.0   14 1899.0   15 1899.0   16 1899.0
  17 1897.3   18 1897.3   19 1897.3   20 1897.3   21 1897.3   22 1897.3   23 1897.3   24 1897.3
  25 1897.3   26 1897.3   27 1897.3   28 1897.3   29 1897.3   30 1897.3   31 1897.3   32 1897.3
  33 1896.3   34 1896.3   35 1896.3   36 1896.3   37 1896.3   38 1896.3   39 1896.3   40 1896.3
  41 1896.3   42 1896.3   43 1896.3   44 1896.3   45 1896.3   46 1896.3   47 1896.3   48 1896.3
  49 1895.0   50 1895.0   51 1895.0   52 1895.0   53 1895.0   54 1895.0   55 1895.0   56 1895.0
  57 1895.0   58 1895.0   59 1895.0   60 1895.0   61 1895.0   62 1895.0   63 1895.0   64 1895.0
  65 1895.3   66 1895.3   67 1895.3   68 1895.3   69 1895.3   70 1895.3   71 1895.3   72 1895.3
  73 1895.3   74 1895.3   75 1895.3   76 1895.3   77 1895.3   78 1895.3   79 1895.3   80 1895.3
  81 1892.3   82 1892.3   83 1892.3   84 1892.3   85 1892.3   86 1892.3   87 1892.3   88 1892.3
  89 1892.3   90 1892.3   91 1892.3   92 1892.3   93 1892.3   94 1892.3   95 1892.3   96 1892.3
  97 1896.3   98 1896.3   99 1896.3  100 1896.3  101 1896.3  102 1896.3  103 1896.3  104 1896.3
 105 1896.3  106 1896.3  107 1896.3  108 1896.3  109 1896.3  110 1896.3  111 1896.3  112 1896.3
 113 1893.4  114 1893.4  115 1893.4  116 1893.4  117 1893.4  118 1893.4  119 1893.4  120 1893.4
 121 1893.4  122 1893.4  123 1893.4  124 1893.4  125 1893.4  126 1893.4  127 1893.4  128 1893.4
 129 1893.4  130 1893.4  131 1893.4  132 1893.4  133 1893.4  134 1893.4  135 1893.4  136 1893.4
 137 1893.4  138 1893.4  139 1893.4  140 1893.4  141 1893.4  142 1893.4  143 1893.4  144 1893.4
 145 1892.2  146 1892.2  147 1892.2  148 1892.2  149 1892.2  150 1892.2  151 1892.2  152 1892.2
 153 1892.2  154 1892.2  155 1892.2  156 1892.2  157 1892.2  158 1892.2  159 1892.2  160 1892.2
 161 1893.2  162 1893.2  163 1893.2  164 1893.2  165 1893.2  166 1893.2  167 1893.2  168 1893.2
 169 1893.2  170 1893.2  171 1893.2  172 1893.2  173 1893.2  174 1893.2  175 1893.2  176 1893.2
 177 1891.8  178 1891.8  179 1891.8  180 1891.8  181 1891.8  182 1891.8  183 1891.8  184 1891.8
 185 1891.8  186 1891.8  187 1891.8  188 1891.8  189 1891.8  190 1891.8  191 1891.8  192 1891.8
 193 1891.5  194 1891.5  195 1891.5  196 1891.5  197 1891.5  198 1891.5  199 1891.5  200 1891.5
 201 1891.5  202 1891.5  203 1891.5  204 1891.5  205 1891.5  206 1891.5  207 1891.5  208 1891.5
 209 1890.7  210 1890.7  211 1890.7  212 1890.7  213 1890.7  214 1890.7  215 1890.7  216 1890.7
 217 1890.7  218 1890.7  219 1890.7  220 1890.7  221 1890.7  222 1890.7  223 1890.7  224 1890.7
 225 1888.3  226 1888.3  227 1888.3  228 1888.3  229 1888.3  230 1888.3  231 1888.3  232 1888.3
 233 1888.3  234 1888.3  235 1888.3  236 1888.3  237 1888.3  238 1888.3  239 1888.3  240 1888.3
 241 1890.0  242 1890.0  243 1890.0  244 1890.0  245 1890.0  246 1890.0  247 1890.0  248 1890.0
 249 1890.0  250 1890.0  251 1890.0  252 1890.0  253 1890.0  254 1890.0  255 1890.0  256 1890.0
 257 1890.2  258 1890.2  259 1890.2  260 1890.2  261 1890.2  262 1890.2  263 1890.2  264 1890.2
 265 1890.2  266 1890.2  267 1890.2  268 1890.2  269 1890.2  270 1890.2  271 1890.2  272 1890.2
 273 1890.5  274 1890.5  275 1890.5  276 1890.5  277 1890.5  278 1890.5  279 1890.5  280 1890.5
 281 1890.5  282 1890.5  283 1890.5  284 1890.5  285 1890.5  286 1890.5  287 1890.5  288 1890.5
 289 1893.4  290 1893.4  291 1893.4  292 1893.4  293 1893.4  294 1893.4  295 1893.4  296 1893.4
 297 1893.4  298 1893.4  299 1893.4  300 1893.4  301 1893.4  302 1893.4  303 1893.4  304 1893.4
 305 1892.3  306 1892.3  307 1892.3  308 1892.3  309 1892.3  310 1892.3  311 1892.3  312 1892.3
 313 1892.3  314 1892.3  315 1892.3  316 1892.3  317 1892.3  318 1892.3  319 1892.3  320 1892.3
 321 1889.9  322 1889.9  323 1889.9  324 1889.9  325 1889.9  326 1889.9  327 1889.9  328 1889.9
 329 1889.9  330 1889.9  331 1889.9  332 1889.9  333 1889.9  334 1889.9  335 1889.9  336 1889.9
 337 1887.6  338 1887.6  339 1887.6  340 1887.6  341 1887.6  342 1887.6  343 1887.6  344 1887.6
 345 1887.6  346 1887.6  347 1887.6  348 1887.6  349 1887.6  350 1887.6  351 1887.6  352 1887.6
 353 1887.2  354 1887.2  355 1887.2  356 1887.2  357 1887.2  358 1887.2  359 1887.2  360 1887.2
 361 1887.2  362 1887.2  363 1887.2  364 1887.2  365 1887.2  366 1887.2  367 1887.2  368 1887.2
TTD Lookup Table
-2.250e-08
743
 0.0053  0.0112  0.0178  0.0249  0.0331  0.0419  0.0516  0.0622  0.0729  0.0849
 0.0975  0.1103  0.1240  0.1393  0.1558  0.1741  0.1941  0.2164  0.2401  0.2667
 0.2950  0.3263  0.3589  0.3933  0.4354  0.4737  0.5131  0.5538  0.5952  0.6378
 0.6799  0.7225  0.7662  0.8097  0.8530  0.8969  0.9412  0.9849  1.0288  1.0729
 1.1171  1.1624  1.2064  1.2514  1.2958  1.3410  1.3862  1.4309  1.4762  1.5216
 1.5664  1.6105  1.6551  1.7003  1.7447  1.7898  1.8353  1.8807  1.9256  1.9700
 2.0150  2.0601  2.1035  2.1474  2.1912  2.2351  2.2780  2.3205  2.3643  2.4085
 2.4497  2.4909  2.5329  2.5750  2.6161  2.6573  2.6972  2.7370  2.7753  2.8138
 2.8517  2.8893  2.9271  2.9632  2.9993  3.0355  3.0697  3.1034  3.1367  3.1697
 3.2021  3.2338  3.2644  3.2948  3.3238  3.3529  3.3811  3.4089  3.4358  3.4629
 3.4894  3.5159  3.5421  3.5685  3.5967  3.6230  3.6503  3.6765  3.7034  3.7304
 3.7574  3.7849  3.8123  3.8401  3.8677  3.8944  3.9214  3.9483  3.9746  4.0007
 4.0272  4.0545  4.0803  4.1057  4.1318  4.1583  4.1839  4.2099  4.2357  4.2615
 4.2870  4.3121  4.3378  4.3631  4.3875  4.4122  4.4373  4.4626  4.4877  4.5126
 4.5374  4.5629  4.5876  4.6124  4.6370  4.6615  4.6861  4.7103  4.7353  4.7595
 4.7837  4.8082  4.8324  4.8566  4.8801  4.9035  4.9274  4.9514  4.9754  4.9994
 5.0234  5.0471  5.0712  5.0952  5.1189  5.1427  5.1664  5.1900  5.2134  5.2376
 5.2609  5.2845  5.3088  5.3331  5.3566  5.3806  5.4046  5.4288  5.4521  5.4750
 5.4991  5.5229  5.5462  5.5699  5.5972  5.6205  5.6436  5.6669  5.6906  5.7139
 5.7374  5.7603  5.7845  5.8077  5.8311  5.8536  5.8770  5.8992  5.9221  5.9443
 5.9676  5.9905  6.0137  6.0356  6.0587  6.0813  6.1041  6.1258  6.1481  6.1702
 6.1926  6.2147  6.2372  6.2592  6.2816  6.3039  6.3264  6.3487  6.3716  6.3931
 6.4158  6.4378  6.4607  6.4826  6.5054  6.5283  6.5514  6.5737  6.5972  6.6201
 6.6437  6.6664  6.6903  6.7134  6.7370  6.7602  6.7849  6.8080  6.8317  6.8547
 6.8788  6.9027  6.9270  6.9507  6.9744  6.9977  7.0217  7.0450  7.0689  7.0925
 7.1162  7.1390  7.1633  7.1862  7.2097  7.2331  7.2568  7.2798  7.3037  7.3274
 7.3515  7.3749  7.3988  7.4217  7.4479  7.4711  7.4943  7.5177  7.5416  7.5652
 7.5889  7.6122  7.6356  7.6586  7.6820  7.7052  7.7290  7.7519  7.7750  7.7981
 7.8213  7.8446  7.8672  7.8905  7.9140  7.9371  7.9605  7.9831  8.0065  8.0294
 8.0529  8.0760  8.1000  8.1223  8.1452  8.1681  8.1913  8.2139  8.2370  8.2607
 8.2841  8.3071  8.3298  8.3520  8.3757  8.3978  8.4209  8.4432  8.4667  8.4887
 8.5113  8.5342  8.5571  8.5804  8.6033  8.6259  8.6492  8.6720  8.6955  8.7182
 8.7411  8.7640  8.7869  8.8089  8.8320  8.8557  8.8782  8.9007  8.9237  8.9467
 8.9698  8.9918  9.0149  9.0375  9.0603  9.0826  9.1050  9.1279  9.1506  9.1724
 9.1953  9.2174  9.2403  9.2625  9.2879  9.3105  9.3335  9.3559  9.3789  9.4012
 9.4235  9.4456  9.4686  9.4906  9.5133  9.5350  9.5576  9.5801  9.6026  9.6252
 9.6475  9.6703  9.6929  9.7152  9.7380  9.7606  9.7829  9.8055  9.8287  9.8520
 9.8747  9.8970  9.9199  9.9427  9.9660  9.9881 10.0112 10.0344 10.0570 10.0793
10.1022 10.1241 10.1472 10.1691 10.1921 10.2146 10.2374 10.2605 10.2834 10.3059
10.3288 10.3511 10.3744 10.3971 10.4200 10.4425 10.4658 10.4889 10.5117 10.5340
10.5571 10.5799 10.6027 10.6252 10.6487 10.6715 10.6938 10.7164 10.7394 10.7628
10.7861 10.8081 10.8309 10.8535 10.8763 10.8986 10.9220 10.9445 10.9674 10.9899
11.0127 11.0354 11.0582 11.0803 11.1037 11.1266 11.1489 11.1711 11.1942 11.2164
11.2391 11.2614 11.2847 11.3072 11.3298 11.3520 11.3752 11.3973 11.4202 11.4425
11.4655 11.4876 11.5100 11.5318 11.5547 11.5771 11.5999 11.6218 11.6444 11.6664
11.6887 11.7104 11.7332 11.7554 11.7782 11.8002 11.8226 11.8451 11.8679 11.8896
11.9125 11.9347 11.9573 11.9794 12.0022 12.0249 12.0476 12.0696 12.0918 12.1145
12.1368 12.1584 12.1812 12.2034 12.2259 12.2477 12.2706 12.2927 12.3154 12.3375
12.3598 12.3817 12.4039 12.4264 12.4493 12.4714 12.4948 12.5165 12.5390 12.5613
12.5840 12.6057 12.6281 12.6504 12.6729 12.6950 12.7177 12.7397 12.7623 12.7843
12.8066 12.8290 12.8518 12.8739 12.8999 12.9218 12.9447 12.9668 12.9894 13.0112
13.0336 13.0556 13.0785 13.1004 13.1232 13.1450 13.1681 13.1900 13.2127 13.2343
13.2573 13.2794 13.3021 13.3242 13.3471 13.3692 13.3925 13.4148 13.4373 13.4592
13.4816 13.5037 13.5267 13.5487 13.5717 13.5938 13.6168 13.6388 13.6612 13.6832
13.7063 13.7289 13.7514 13.7736 13.7962 13.8189 13.8418 13.8635 13.8859 13.9076
13.9300 13.9517 13.9744 13.9961 14.0186 14.0405 14.0637 14.0852 14.1081 14.1302
14.1527 14.1746 14.1962 14.2177 14.2399 14.2614 14.2833 14.3047 14.3264 14.3477
14.3690 14.3897 14.4107 14.4311 14.4517 14.4716 14.4922 14.5118 14.5316 14.5508
14.5703 14.5891 14.6081 14.6261 14.6460 14.6636 14.6814 14.6985 14.7156 14.7321
14.7487 14.7644 14.7807 14.7954 14.8104 14.8246 14.8386 14.8519 14.8651 14.8777
14.8901 14.9016 14.9132 14.9239 14.9346 14.9447 14.9544 14.9635 14.9727 14.9812
14.9898 14.9978 15.0055 15.0127 15.0195 15.0261 15.0325 15.0385 15.0440 15.0493
15.0547 15.0591 15.0633 15.0674 15.0711 15.0747 15.0780 15.0813 15.0840 15.0865
15.0892 15.0915 15.0938 15.0956 15.0976 15.0994 15.1009 15.1024 15.1037 15.1049
15.1060 15.1070 15.1080 15.1088 15.1097 15.1104 15.1111 15.1115 15.1121 15.1125
15.1130 15.1134 15.1137 15.1141 15.1144 15.1146 15.1149 15.1151 15.1152 15.1155
15.1156 15.1158 15.1159 15.1160 15.1162 15.1163 15.1164 15.1165 15.1166 15.1166
15.1167 15.1168 15.1168 15.1169 15.1169 15.1170 15.1170 15.1171 15.1171 15.1172
15.1173 15.1173 15.1173 15.1174 15.1174 15.1175 15.1175 15.1175 15.1176
[ L.vdc.u2 ]
3      3       0      95                  U2: u2cr1, u2sl1, u2cf1, u2cl1
3      4       0      95                  ~~~ u2cr2, u2sl2, u2cf2, u2cl2
3      5       0      95                      u2cr3, u2sl3, u2cf3, u2cl3
3      6       0      79                      u2cr4, u2sl4, u2cf4, u2cl4
0.3348 1.02718 -.0042426 -45.0                 z, wbeg, wspac, wangle (m)
49.73e3                                        Drift velocity (m/s)
TDC Offset Values
   1 1887.8    2 1887.8    3 1887.8    4 1887.8    5 1887.8    6 1887.8    7 1887.8    8 1887.8
   9 1887.8   10 1887.8   11 1887.8   12 1887.8   13 1887.8   14 1887.8   15 1887.8   16 1887.8
  17 1883.5   18 1883.5   19 1883.5   20 1883.5   21 1883.5   22 1883.5   23 1883.5   24 1883.5
  25 1883.5   26 1883.5   27 1883.5   28 1883.5   29 1883.5   30 1883.5   31 1883.5   32 1883.5
  33 1884.9   34 1884.9   35 1884.9   36 1884.9   37 1884.9   38 1884.9   39 1884.9   40 1884.9
  41 1884.9   42 1884.9   43 1884.9   44 1884.9   45 1884.9   46 1884.9   47 1884.9   48 1884.9
  49 1882.9   50 1882.9   51 1882.9   52 1882.9   53 1882.9   54 1882.9   55 1882.9   56 1882.9
  57 1882.9   58 1882.9   59 1882.9   60 1882.9   61 1882.9   62 1882.9   63 1882.9   64 1882.9
  65 1883.7   66 1883.7   67 1883.7   68 1883.7   69 1883.7   70 1883.7   71 1883.7   72 1883.7
  73 1883.7   74 1883.7   75 1883.7   76 1883.7   77 1883.7   78 1883.7   79 1883.7   80 1883.7
  81 1882.6   82 1882.6   83 1882.6   84 1882.6   85 1882.6   86 1882.6   87 1882.6   88 1882.6
  89 1882.6   90 1882.6   91 1882.6   92 1882.6   93 1882.6   94 1882.6   95 1882.6   96 1882.6
  97 1889.1   98 1889.1   99 1889.1  100 1889.1  101 1889.1  102 1889.1  103 1889.1  104 1889.1
 105 1889.1  106 1889.1  107 1889.1  108 1889.1  109 1889.1  110 1889.1  111 1889.1  112 1889.1
 113 1884.9  114 1884.9  115 1884.9  116 1884.9  117 1884.9  118 1884.9  119 1884.9  120 1884.9
 121 1884.9  122 1884.9  123 1884.9  124 1884.9  125 1884.9  126 1884.9  127 1884.9  128 1884.9
 129 1885.4  130 1885.4  131 1885.4  132 1885.4  133 1885.4  134 1885.4  135 1885.4  136 1885.4
 137 1885.4  138 1885.4  139 1885.4  140 1885.4  141 1885.4  142 1885.4  143 1885.4  144 1885.4
 145 1883.1  146 1883.1  147 1883.1  148 1883.1  149 1883.1  150 1883.1  151 1883.1  152 1883.1
 153 1883.1  154 1883.1  155 1883.1  156 1883.1  157 1883.1  158 1883.1  159 1883.1  160 1883.1
 161 1883.9  162 1883.9  163 1883.9  164 1883.9  165 1883.9  166 1883.9  167 1883.9  168 1883.9
 169 1883.9  170 1883.9  171 1883.9  172 1883.9  173 1883.9  174 1883.9  175 1883.9  176 1883.9
 177 1882.9  178 1882.9  179 1882.9  180 1882.9  181 1882.9  182 1882.9  183 1882.9  184 1882.9
 185 1882.9  186 1882.9  187 1882.9  188 1882.9  189 1882.9  190 1882.9  191 1882.9  192 1882.9
 193 1885.6  194 1885.6  195 1885.6  196 1885.6  197 1885.6  198 1885.6  199 1885.6  200 1885.6
 201 1885.6  202 1885.6  203 1885.6  204 1885.6  205 1885.6  206 1885.6  207 1885.6  208 1885.6
 209 1884.7  210 1884.7  211 1884.7  212 1884.7  213 1884.7  214 1884.7  215 1884.7  216 1884.7
 217 1884.7  218 1884.7  219 1884.7  220 1884.7  221 1884.7  222 1884.7  223 1884.7  224 1884.7
 225 1885.7  226 1885.7  227 1885.7  228 1885.7  229 1885.7  230 1885.7  231 1885.7  232 1885.7
 233 1885.7  234 1885.7  235 1885.7  236 1885.7  237 1885.7  238 1885.7  239 1885.7  240 1885.7
 241 1881.4  242 1881.4  243 1881.4  244 1881.4  245 1881.4  246 1881.4  247 1881.4  248 1881.4
 249 1881.4  250 1881.4  251 1881.4  252 1881.4  253 1881.4  254 1881.4  255 1881.4  256 1881.4
 257 1881.8  258 1881.8  259 1881.8  260 1881.8  261 1881.8  262 1881.8  263 1881.8  264 1881.8
 265 1881.8  266 1881.8  267 1881.8  268 1881.8  269 1881.8  270 1881.8  271 1881.8  272 1881.8
 273 1880.6  274 1880.6  275 1880.6  276 1880.6  277 1880.6  278 1880.6  279 1880.6  280 1880.6
 281 1880.6  282 1880.6  283 1880.6  284 1880.6  285 1880.6  286 1880.6  287 1880.6  288 1880.6
 289 1886.6  290 1886.6  291 1886.6  292 1886.6  293 1886.6  294 1886.6  295 1886.6  296 1886.6
 297 1886.6  298 1886.6  299 1886.6  300 1886.6  301 1886.6  302 1886.6  303 1886.6  304 1886.6
 305 1881.3  306 1881.3  307 1881.3  308 1881.3  309 1881.3  310 1881.3  311 1881.3  312 1881.3
 313 1881.3  314 1881.3  315 1881.3  316 1881.3  317 1881.3  318 1881.3  319 1881.3  320 1881.3
 321 1882.2  322 1882.2  323 1882.2  324 1882.2  325 1882.2  326 1882.2  327 1882.2  328 1882.2
 329 1882.2  330 1882.2  331 1882.2  332 1882.2  333 1882.2  334 1882.2  335 1882.2  336 1882.2
 337 1880.3  338 1880.3  339 1880.3  340 1880.3  341 1880.3  342 1880.3  343 1880.3  344 1880.3
 345 1880.3  346 1880.3  347 1880.3  348 1880.3  349 1880.3  350 1880.3  351 1880.3  352 1880.3
 353 1878.1  354 1878.1  355 1878.1  356 1878.1  357 1878.1  358 1878.1  359 1878.1  360 1878.1
 361 1878.1  362 1878.1  363 1878.1  364 1878.1  365 1878.1  366 1878.1  367 1878.1  368 1878.1
TTD Lookup Table
-2.300e-08
744
 0.0048  0.0107  0.0175  0.0248  0.0332  0.0427  0.0526  0.0634  0.0747  0.0868
 0.1004  0.1144  0.1301  0.1474  0.1666  0.1887  0.2123  0.2389  0.2677  0.2997
 0.3329  0.3689  0.4063  0.4458  0.4865  0.5311  0.5735  0.6174  0.6610  0.7053
 0.7500  0.7948  0.8393  0.8844  0.9294  0.9738  1.0184  1.0627  1.1075  1.1515
 1.1969  1.2417  1.2856  1.3311  1.3757  1.4208  1.4655  1.5104  1.5548  1.5998
 1.6448  1.6897  1.7343  1.7794  1.8237  1.8675  1.9111  1.9556  1.9992  2.0429
 2.0861  2.1305  2.1734  2.2175  2.2604  2.3044  2.3475  2.3907  2.4336  2.4768
 2.5191  2.5617  2.6031  2.6447  2.6847  2.7253  2.7644  2.8045  2.8434  2.8823
 2.9201  2.9576  2.9949  3.0316  3.0666  3.1020  3.1367  3.1709  3.2039  3.2365
 3.2680  3.2992  3.3300  3.3600  3.3890  3.4178  3.4459  3.4731  3.4999  3.5271
 3.5530  3.5784  3.6049  3.6311  3.6572  3.6874  3.7143  3.7419  3.7689  3.7962
 3.8234  3.8508  3.8785  3.9059  3.9334  3.9599  3.9869  4.0138  4.0410  4.0678
 4.0945  4.1217  4.1483  4.1749  4.2012  4.2270  4.2533  4.2792  4.3051  4.3309
 4.3563  4.3818  4.4070  4.4323  4.4577  4.4831  4.5078  4.5334  4.5582  4.5831
 4.6077  4.6325  4.6574  4.6820  4.7065  4.7309  4.7554  4.7800  4.8043  4.8288
 4.8540  4.8782  4.9028  4.9269  4.9511  4.9751  4.9993  5.0234  5.0478  5.0716
 5.0949  5.1188  5.1426  5.1662  5.1899  5.2137  5.2376  5.2619  5.2856  5.3093
 5.3332  5.3568  5.3801  5.4037  5.4272  5.4507  5.4745  5.4979  5.5217  5.5449
 5.5685  5.5927  5.6164  5.6395  5.6626  5.6886  5.7126  5.7360  5.7594  5.7822
 5.8055  5.8284  5.8511  5.8745  5.8981  5.9214  5.9440  5.9676  5.9910  6.0148
 6.0374  6.0602  6.0833  6.1067  6.1292  6.1523  6.1752  6.1975  6.2199  6.2430
 6.2658  6.2873  6.3090  6.3311  6.3539  6.3754  6.3976  6.4189  6.4412  6.4631
 6.4847  6.5067  6.5289  6.5513  6.5733  6.5955  6.6183  6.6408  6.6633  6.6857
 6.7084  6.7317  6.7547  6.7785  6.8020  6.8256  6.8488  6.8723  6.8964  6.9197
 6.9437  6.9678  6.9917  7.0149  7.0386  7.0625  7.0869  7.1107  7.1344  7.1585
 7.1827  7.2059  7.2293  7.2534  7.2773  7.3009  7.3241  7.3477  7.3711  7.3951
 7.4187  7.4423  7.4658  7.4894  7.5120  7.5365  7.5596  7.5825  7.6063  7.6297
 7.6528  7.6759  7.6983  7.7212  7.7439  7.7675  7.7905  7.8137  7.8368  7.8598
 7.8829  7.9057  7.9290  7.9526  7.9751  7.9981  8.0214  8.0442  8.0668  8.0900
 8.1133  8.1353  8.1585  8.1815  8.2044  8.2270  8.2498  8.2730  8.2957  8.3188
 8.3416  8.3648  8.3876  8.4106  8.4337  8.4565  8.4790  8.5022  8.5245  8.5470
 8.5701  8.5925  8.6147  8.6372  8.6603  8.6828  8.7059  8.7289  8.7519  8.7743
 8.7972  8.8203  8.8433  8.8661  8.8890  8.9121  8.9343  8.9568  8.9799  9.0026
 9.0255  9.0482  9.0704  9.0930  9.1155  9.1386  9.1608  9.1830  9.2055  9.2285
 9.2513  9.2734  9.2961  9.3185  9.3403  9.3632  9.3857  9.4081  9.4307  9.4530
 9.4755  9.4980  9.5205  9.5426  9.5654  9.5881  9.6103  9.6326  9.6550  9.6774
 9.7001  9.7221  9.7443  9.7671  9.7898  9.8125  9.8349  9.8572  9.8794  9.9018
 9.9251  9.9473  9.9701  9.9935 10.0170 10.0396 10.0618 10.0845 10.1073 10.1301
10.1522 10.1753 10.1975 10.2202 10.2427 10.2653 10.2881 10.3105 10.3333 10.3552
10.3778 10.4009 10.4238 10.4464 10.4696 10.4924 10.5154 10.5383 10.5611 10.5837
10.6064 10.6288 10.6514 10.6739 10.6964 10.7192 10.7416 10.7644 10.7873 10.8100
10.8328 10.8552 10.8775 10.9003 10.9229 10.9458 10.9684 10.9907 11.0134 11.0358
11.0590 11.0817 11.1046 11.1271 11.1497 11.1747 11.1968 11.2189 11.2413 11.2640
11.2871 11.3094 11.3317 11.3546 11.3773 11.3998 11.4221 11.4450 11.4680 11.4902
11.5126 11.5349 11.5577 11.5801 11.6022 11.6246 11.6468 11.6688 11.6913 11.7139
11.7368 11.7589 11.7811 11.8035 11.8259 11.8483 11.8706 11.8929 11.9157 11.9385
11.9610 11.9836 12.0059 12.0281 12.0502 12.0726 12.0954 12.1174 12.1400 12.1624
12.1846 12.2068 12.2289 12.2513 12.2732 12.2958 12.3176 12.3398 12.3619 12.3839
12.4053 12.4278 12.4503 12.4727 12.4945 12.5164 12.5385 12.5610 12.5826 12.6045
12.6264 12.6487 12.6712 12.6932 12.7148 12.7365 12.7585 12.7803 12.8026 12.8241
12.8472 12.8698 12.8921 12.9143 12.9365 12.9604 12.9833 13.0058 13.0283 13.0508
13.0729 13.0950 13.1175 13.1395 13.1620 13.1845 13.2070 13.2293 13.2515 13.2741
13.2962 13.3186 13.3406 13.3631 13.3856 13.4082 13.4306 13.4534 13.4750 13.4978
13.5199 13.5419 13.5642 13.5861 13.6084 13.6310 13.6536 13.6758 13.6978 13.7204
13.7426 13.7651 13.7877 13.8101 13.8317 13.8539 13.8763 13.8987 13.9209 13.9432
13.9652 13.9865 14.0085 14.0306 14.0523 14.0748 14.0969 14.1192 14.1410 14.1626
14.1844 14.2060 14.2277 14.2496 14.2708 14.2925 14.3139 14.3353 14.3567 14.3776
14.3981 14.4187 14.4397 14.4606 14.4807 14.5005 14.5213 14.5410 14.5605 14.5801
14.5991 14.6178 14.6366 14.6547 14.6725 14.6915 14.7081 14.7249 14.7411 14.7569
14.7723 14.7876 14.8022 14.8165 14.8305 14.8446 14.8579 14.8709 14.8833 14.8951
14.9069 14.9183 14.9288 14.9391 14.9490 14.9588 14.9678 14.9763 14.9850 14.9931
15.0009 15.0084 15.0152 15.0217 15.0281 15.0342 15.0400 15.0454 15.0503 15.0550
15.0595 15.0638 15.0680 15.0714 15.0748 15.0781 15.0812 15.0839 15.0866 15.0890
15.0915 15.0937 15.0956 15.0975 15.0993 15.1008 15.1024 15.1038 15.1049 15.1060
15.1070 15.1079 15.1087 15.1094 15.1101 15.1108 15.1114 15.1118 15.1124 15.1128
15.1132 15.1136 15.1138 15.1141 15.1144 15.1147 15.1149 15.1151 15.1153 15.1155
15.1156 15.1157 15.1159 15.1160 15.1161 15.1162 15.1163 15.1164 15.1165 15.1166
15.1167 15.1167 15.1168 15.1169 15.1170 15.1171 15.1171 15.1172 15.1172 15.1173
15.1174 15.1174 15.1175 15.1175 15.1176 15.1176 15.1177 15.1177 15.1178 15.1178
15.1178 
[ L.vdc.v2 ]
3      11       0      95                  V2: v2cr1, v2sl1, v2cf1, v2cl1
3      16       0      95                  ~~~ v2cr2, v2sl2, v2cf2, v2cl
3      17       0      95                      v2cr3, v2sl3, v2cf3, v2cl3
3      18       0      79                      v2cr4, v2sl4, v2cf4, v2cl4
0.3609 1.02718 -.0042426 45.0                  z, wbeg, wspac, wangle       
49.19e3                                        Drift velocity (m/s)
TDC Offset Values   
   1 1894.5    2 1894.5    3 1894.5    4 1894.5    5 1894.5    6 1894.5    7 1894.5    8 1894.5
   9 1894.5   10 1894.5   11 1894.5   12 1894.5   13 1894.5   14 1894.5   15 1894.5   16 1894.5
  17 1892.8   18 1892.8   19 1892.8   20 1892.8   21 1892.8   22 1892.8   23 1892.8   24 1892.8
  25 1892.8   26 1892.8   27 1892.8   28 1892.8   29 1892.8   30 1892.8   31 1892.8   32 1892.8
  33 1893.9   34 1893.9   35 1893.9   36 1893.9   37 1893.9   38 1893.9   39 1893.9   40 1893.9
  41 1893.9   42 1893.9   43 1893.9   44 1893.9   45 1893.9   46 1893.9   47 1893.9   48 1893.9
  49 1891.3   50 1891.3   51 1891.3   52 1891.3   53 1891.3   54 1891.3   55 1891.3   56 1891.3
  57 1891.3   58 1891.3   59 1891.3   60 1891.3   61 1891.3   62 1891.3   63 1891.3   64 1891.3
  65 1892.5   66 1892.5   67 1892.5   68 1892.5   69 1892.5   70 1892.5   71 1892.5   72 1892.5
  73 1892.5   74 1892.5   75 1892.5   76 1892.5   77 1892.5   78 1892.5   79 1892.5   80 1892.5
  81 1889.7   82 1889.7   83 1889.7   84 1889.7   85 1889.7   86 1889.7   87 1889.7   88 1889.7
  89 1889.7   90 1889.7   91 1889.7   92 1889.7   93 1889.7   94 1889.7   95 1889.7   96 1889.7
  97 1898.7   98 1898.7   99 1898.7  100 1898.7  101 1898.7  102 1898.7  103 1898.7  104 1898.7
 105 1898.7  106 1898.7  107 1898.7  108 1898.7  109 1898.7  110 1898.7  111 1898.7  112 1898.7
 113 1893.2  114 1893.2  115 1893.2  116 1893.2  117 1893.2  118 1893.2  119 1893.2  120 1893.2
 121 1893.2  122 1893.2  123 1893.2  124 1893.2  125 1893.2  126 1893.2  127 1893.2  128 1893.2
 129 1894.9  130 1894.9  131 1894.9  132 1894.9  133 1894.9  134 1894.9  135 1894.9  136 1894.9
 137 1894.9  138 1894.9  139 1894.9  140 1894.9  141 1894.9  142 1894.9  143 1894.9  144 1894.9
 145 1890.9  146 1890.9  147 1890.9  148 1890.9  149 1890.9  150 1890.9  151 1890.9  152 1890.9
 153 1890.9  154 1890.9  155 1890.9  156 1890.9  157 1890.9  158 1890.9  159 1890.9  160 1890.9
 161 1891.9  162 1891.9  163 1891.9  164 1891.9  165 1891.9  166 1891.9  167 1891.9  168 1891.9
 169 1891.9  170 1891.9  171 1891.9  172 1891.9  173 1891.9  174 1891.9  175 1891.9  176 1891.9
 177 1889.1  178 1889.1  179 1889.1  180 1889.1  181 1889.1  182 1889.1  183 1889.1  184 1889.1
 185 1889.1  186 1889.1  187 1889.1  188 1889.1  189 1889.1  190 1889.1  191 1889.1  192 1889.1
 193 1894.8  194 1894.8  195 1894.8  196 1894.8  197 1894.8  198 1894.8  199 1894.8  200 1894.8
 201 1894.8  202 1894.8  203 1894.8  204 1894.8  205 1894.8  206 1894.8  207 1894.8  208 1894.8
 209 1892.0  210 1892.0  211 1892.0  212 1892.0  213 1892.0  214 1892.0  215 1892.0  216 1892.0
 217 1892.0  218 1892.0  219 1892.0  220 1892.0  221 1892.0  222 1892.0  223 1892.0  224 1892.0
 225 1889.7  226 1889.7  227 1889.7  228 1889.7  229 1889.7  230 1889.7  231 1889.7  232 1889.7
 233 1889.7  234 1889.7  235 1889.7  236 1889.7  237 1889.7  238 1889.7  239 1889.7  240 1889.7
 241 1888.8  242 1888.8  243 1888.8  244 1888.8  245 1888.8  246 1888.8  247 1888.8  248 1888.8
 249 1888.8  250 1888.8  251 1888.8  252 1888.8  253 1888.8  254 1888.8  255 1888.8  256 1888.8
 257 1888.6  258 1888.6  259 1888.6  260 1888.6  261 1888.6  262 1888.6  263 1888.6  264 1888.6
 265 1888.6  266 1888.6  267 1888.6  268 1888.6  269 1888.6  270 1888.6  271 1888.6  272 1888.6
 273 1887.9  274 1887.9  275 1887.9  276 1887.9  277 1887.9  278 1887.9  279 1887.9  280 1887.9
 281 1887.9  282 1887.9  283 1887.9  284 1887.9  285 1887.9  286 1887.9  287 1887.9  288 1887.9
 289 1892.1  290 1892.1  291 1892.1  292 1892.1  293 1892.1  294 1892.1  295 1892.1  296 1892.1
 297 1892.1  298 1892.1  299 1892.1  300 1892.1  301 1892.1  302 1892.1  303 1892.1  304 1892.1
 305 1889.3  306 1889.3  307 1889.3  308 1889.3  309 1889.3  310 1889.3  311 1889.3  312 1889.3
 313 1889.3  314 1889.3  315 1889.3  316 1889.3  317 1889.3  318 1889.3  319 1889.3  320 1889.3
 321 1891.5  322 1891.5  323 1891.5  324 1891.5  325 1891.5  326 1891.5  327 1891.5  328 1891.5
 329 1891.5  330 1891.5  331 1891.5  332 1891.5  333 1891.5  334 1891.5  335 1891.5  336 1891.5
 337 1890.8  338 1890.8  339 1890.8  340 1890.8  341 1890.8  342 1890.8  343 1890.8  344 1890.8
 345 1890.8  346 1890.8  347 1890.8  348 1890.8  349 1890.8  350 1890.8  351 1890.8  352 1890.8
 353 1887.9  354 1887.9  355 1887.9  356 1887.9  357 1887.9  358 1887.9  359 1887.9  360 1887.9
 361 1887.9  362 1887.9  363 1887.9  364 1887.9  365 1887.9  366 1887.9  367 1887.9  368 1887.9
TTD Lookup Table
-2.250e-08
743
 0.0051  0.0111  0.0178  0.0253  0.0331  0.0421  0.0520  0.0623  0.0735  0.0859
 0.0989  0.1130  0.1283  0.1451  0.1639  0.1840  0.2071  0.2312  0.2574  0.2857
 0.3167  0.3500  0.3848  0.4208  0.4649  0.5041  0.5445  0.5852  0.6271  0.6688
 0.7114  0.7547  0.7976  0.8412  0.8844  0.9288  0.9729  1.0168  1.0610  1.1067
 1.1514  1.1955  1.2400  1.2844  1.3290  1.3733  1.4181  1.4630  1.5076  1.5526
 1.5970  1.6413  1.6854  1.7296  1.7746  1.8192  1.8642  1.9084  1.9526  1.9969
 2.0409  2.0850  2.1294  2.1732  2.2168  2.2604  2.3039  2.3471  2.3903  2.4327
 2.4748  2.5165  2.5576  2.5992  2.6402  2.6799  2.7196  2.7583  2.7965  2.8361
 2.8744  2.9117  2.9488  2.9847  3.0198  3.0549  3.0890  3.1226  3.1559  3.1879
 3.2197  3.2505  3.2802  3.3096  3.3392  3.3671  3.3954  3.4229  3.4495  3.4759
 3.5022  3.5281  3.5542  3.5807  3.6091  3.6354  3.6623  3.6895  3.7166  3.7434
 3.7699  3.7971  3.8236  3.8507  3.8778  3.9049  3.9315  3.9580  3.9847  4.0122
 4.0388  4.0648  4.0907  4.1169  4.1426  4.1687  4.1950  4.2210  4.2468  4.2721
 4.2974  4.3222  4.3474  4.3726  4.3975  4.4230  4.4486  4.4736  4.4987  4.5238
 4.5490  4.5736  4.5982  4.6230  4.6478  4.6719  4.6965  4.7214  4.7459  4.7704
 4.7947  4.8189  4.8429  4.8672  4.8913  4.9152  4.9394  4.9635  4.9873  5.0120
 5.0356  5.0595  5.0833  5.1069  5.1307  5.1537  5.1774  5.2010  5.2248  5.2483
 5.2718  5.2954  5.3192  5.3427  5.3662  5.3899  5.4133  5.4369  5.4602  5.4832
 5.5068  5.5302  5.5533  5.5770  5.6014  5.6252  5.6482  5.6722  5.6958  5.7189
 5.7425  5.7655  5.7892  5.8131  5.8366  5.8601  5.8835  5.9065  5.9290  5.9516
 5.9748  5.9971  6.0196  6.0422  6.0648  6.0873  6.1091  6.1312  6.1533  6.1751
 6.1978  6.2201  6.2432  6.2658  6.2878  6.3096  6.3320  6.3543  6.3765  6.3983
 6.4213  6.4435  6.4664  6.4893  6.5128  6.5360  6.5591  6.5823  6.6055  6.6292
 6.6518  6.6752  6.6987  6.7215  6.7449  6.7683  6.7919  6.8153  6.8388  6.8625
 6.8861  6.9104  6.9343  6.9580  6.9821  7.0055  7.0291  7.0532  7.0770  7.1006
 7.1243  7.1478  7.1715  7.1946  7.2179  7.2412  7.2648  7.2879  7.3116  7.3351
 7.3589  7.3823  7.4057  7.4287  7.4554  7.4785  7.5018  7.5251  7.5482  7.5719
 7.5953  7.6181  7.6419  7.6649  7.6885  7.7117  7.7354  7.7581  7.7818  7.8051
 7.8286  7.8518  7.8750  7.8976  7.9208  7.9435  7.9666  7.9894  8.0123  8.0352
 8.0586  8.0808  8.1045  8.1279  8.1507  8.1736  8.1968  8.2194  8.2423  8.2657
 8.2889  8.3116  8.3342  8.3577  8.3805  8.4033  8.4265  8.4489  8.4718  8.4948
 8.5172  8.5404  8.5633  8.5861  8.6093  8.6317  8.6549  8.6775  8.7015  8.7241
 8.7472  8.7698  8.7923  8.8150  8.8379  8.8608  8.8838  8.9059  8.9285  8.9509
 8.9736  8.9968  9.0199  9.0421  9.0651  9.0875  9.1099  9.1317  9.1545  9.1770
 9.1999  9.2219  9.2445  9.2669  9.2927  9.3146  9.3373  9.3600  9.3819  9.4047
 9.4271  9.4494  9.4725  9.4955  9.5180  9.5404  9.5633  9.5858  9.6083  9.6306
 9.6532  9.6760  9.6992  9.7217  9.7443  9.7671  9.7907  9.8132  9.8364  9.8593
 9.8822  9.9048  9.9274  9.9499  9.9732  9.9961 10.0194 10.0421 10.0651 10.0879
10.1107 10.1336 10.1565 10.1789 10.2024 10.2246 10.2475 10.2697 10.2929 10.3155
10.3383 10.3609 10.3836 10.4056 10.4285 10.4510 10.4743 10.4973 10.5209 10.5433
10.5662 10.5889 10.6114 10.6339 10.6563 10.6784 10.7021 10.7250 10.7479 10.7706
10.7936 10.8164 10.8392 10.8615 10.8842 10.9064 10.9295 10.9521 10.9745 10.9971
11.0198 11.0420 11.0650 11.0872 11.1115 11.1336 11.1557 11.1784 11.2011 11.2233
11.2457 11.2680 11.2907 11.3129 11.3358 11.3583 11.3821 11.4044 11.4266 11.4491
11.4715 11.4937 11.5164 11.5390 11.5617 11.5843 11.6064 11.6286 11.6516 11.6740
11.6969 11.7198 11.7416 11.7635 11.7865 11.8089 11.8313 11.8539 11.8769 11.8995
11.9215 11.9435 11.9663 11.9887 12.0117 12.0340 12.0567 12.0790 12.1018 12.1241
12.1461 12.1679 12.1903 12.2126 12.2351 12.2574 12.2802 12.3028 12.3254 12.3473
12.3696 12.3917 12.4144 12.4365 12.4594 12.4816 12.5034 12.5253 12.5477 12.5697
12.5926 12.6153 12.6377 12.6598 12.6824 12.7046 12.7273 12.7493 12.7715 12.7934
12.8159 12.8385 12.8611 12.8834 12.9074 12.9291 12.9517 12.9740 12.9964 13.0181
13.0404 13.0630 13.0856 13.1082 13.1306 13.1528 13.1751 13.1978 13.2205 13.2428
13.2656 13.2878 13.3103 13.3328 13.3549 13.3772 13.3996 13.4222 13.4447 13.4675
13.4897 13.5123 13.5345 13.5568 13.5792 13.6015 13.6234 13.6457 13.6685 13.6912
13.7132 13.7357 13.7584 13.7803 13.8024 13.8248 13.8465 13.8691 13.8916 13.9139
13.9366 13.9587 13.9813 14.0037 14.0261 14.0482 14.0705 14.0920 14.1148 14.1364
14.1582 14.1801 14.2022 14.2235 14.2454 14.2670 14.2886 14.3100 14.3317 14.3527
14.3732 14.3945 14.4158 14.4360 14.4564 14.4769 14.4972 14.5171 14.5371 14.5566
14.5760 14.5951 14.6135 14.6318 14.6524 14.6700 14.6877 14.7047 14.7213 14.7377
14.7535 14.7688 14.7842 14.7990 14.8141 14.8279 14.8420 14.8552 14.8681 14.8805
14.8929 14.9046 14.9164 14.9275 14.9379 14.9478 14.9576 14.9666 14.9753 14.9838
14.9918 14.9996 15.0070 15.0142 15.0211 15.0277 15.0337 15.0392 15.0446 15.0498
15.0546 15.0592 15.0635 15.0676 15.0716 15.0750 15.0783 15.0816 15.0845 15.0873
15.0899 15.0921 15.0942 15.0960 15.0979 15.0995 15.1010 15.1026 15.1039 15.1051
15.1063 15.1073 15.1081 15.1091 15.1100 15.1108 15.1113 15.1119 15.1124 15.1129
15.1133 15.1137 15.1140 15.1142 15.1145 15.1148 15.1149 15.1152 15.1153 15.1155
15.1157 15.1159 15.1160 15.1162 15.1163 15.1164 15.1165 15.1166 15.1167 15.1168
15.1169 15.1169 15.1170 15.1170 15.1171 15.1171 15.1172 15.1172 15.1173 15.1173
15.1174 15.1174 15.1174 15.1175 15.1176 15.1176 15.1177 15.1177 15.1177 
[ L.global ]
0.3327 1                     VDC Angle, Plane Spacing, TTD Converter
matrix elements
t 0 0 0 -1.0018E+00 -3.3183E-01 -4.3355E-02  0.0000E+00  0.0000E+00  0.0000E+00   0.0000E+00
y 0 0 0 -7.7329E-03  1.1061E-03  2.2321E-03  0.0000E+00  0.0000E+00  0.0000E+00   0.0000E+00
p 0 0 0 -1.4434E-03 -1.8217E-03  1.2462E-03  0.0000E+00  0.0000E+00  0.0000E+00   0.0000E+00
D 0 0 0 0.000000 0.083231 0.010320 0.000000 0.000000 0.000000 0.000000
D 0 0 1 -0.004617 0.005956 0.003365 -0.000517 0.000000 0.000000 0.000000
D 0 0 2 0.043401 0.218312 0.161606 0.441557 0.041903 -0.032438 0.002513
D 0 0 3 -6.271538 44.557799 -59.785248 -35.985601 66.826252 32.235850 -5.870111
D 0 0 4 -0.674965 52.030694 -73.594598 -40.349357 6.216091 0.000000 0.000000
D 0 0 5 -70.775382 -3419.800229 15273.955196 -6508.721994 -15036.982664 -1290.068783 1073.150201
D 0 0 6 4.101742 -70.594278 4171.986130 0.000000 0.000000 0.000000 0.000000
D 0 1 0 0.004974 0.004197 -0.001019 0.000130 0.000000 0.000000 0.000000
D 0 1 1 0.626096 2.058205 0.910405 0.062223 -0.126793 0.003716 0.001040
D 0 1 2 43.534119 -123.910230 -43.454213 210.912017 102.828950 -28.032391 -12.494545
D 0 1 3 24.538524 -140.601817 -16.044170 44.850041 -5.113254 0.000000 0.000000
D 0 1 4 -2387.805590 26482.296515 -32025.301890 -35683.870308 7906.302867 5650.167462 -742.965410
D 0 1 5 11.515832 4249.461365 -5516.842700 0.000000 0.000000 0.000000 0.000000
D 0 1 6 -4621.770608 -800335.849977 3769828.543191 -451991.167642 -1263586.811162 96492.957374 0.000000
D 0 2 0 0.424668 0.309005 0.042618 -0.107523 0.006552 0.001671 0.002912
D 0 2 1 -67.012982 33.776105 218.958767 99.736012 -39.709610 -19.403005 3.081748
D 0 2 2 498.945127 68.709660 -18.905814 -39.879718 3.919817 0.000000 0.000000
D 0 2 3 9100.317545 -36551.341567 -8510.568231 17677.308804 -5087.586869 -3988.712174 686.770056
D 0 2 4 1156.093110 -2895.396833 7990.218415 0.000000 0.000000 0.000000 0.000000
D 0 2 5 -247649.340992 2717033.916552 -3588368.368500 739719.818296 1785331.782250 -163330.530321 0.000000
D 0 3 0 38.378834 73.269022 29.550532 -18.206656 -8.337413 1.337176 0.890074
D 0 3 1 30.155322 -88.543182 -78.608186 0.934759 2.848156 0.000000 0.000000
D 0 3 2 -10274.443710 19655.574918 949.699054 -33087.737729 -9555.226162 3484.883237 378.013465
D 0 3 3 -300.614359 7216.242476 -2810.881306 0.000000 0.000000 0.000000 0.000000
D 0 3 4 502533.078040 -2736534.859313 4919034.762056 2432658.247657 -1092839.985505 -11665.615680 0.000000
D 0 3 6 -8281963.896113 46374074.171326 -244965243.623868 131087837.288479 0.000000 0.000000 0.000000
D 0 4 0 -39.697724 -42.431279 -4.970738 4.860868 1.102373 0.000000 0.000000
D 0 4 1 8647.317520 -13498.032345 -33533.923882 -10939.970817 4303.774930 1235.211667 -99.503317
D 0 4 2 2595.717642 -2167.078035 1073.080518 0.000000 0.000000 0.000000 0.000000
D 0 4 3 -555246.012037 3829160.838769 251141.207623 -1091165.350052 326516.763597 4650.307380 0.000000
D 0 4 5 3654957.601217 -119458269.880839 177453227.984698 -89147685.500005 0.000000 0.000000 0.000000
D 0 5 0 -6395.135155 -11209.209401 -4557.480062 1472.667753 906.299704 -50.381906 -42.770400
D 0 5 1 -710.217077 2714.448002 1523.343429 0.000000 0.000000 0.000000 0.000000
D 0 5 2 831889.008095 -1072561.735938 400972.325844 1448116.673741 164729.356770 -56350.918280 0.000000
D 0 5 4 -22723288.110440 67535043.719036 -177440656.348301 -9877545.055054 0.000000 0.000000 0.000000
D 0 6 0 1111.107740 1115.682729 281.464800 0.000000 0.000000 0.000000 0.000000
D 0 6 1 -351192.020699 1100790.308110 1714595.543358 434161.295221 -91826.361338 -21369.281693 0.000000
D 0 6 3 8477071.425505 -104258259.138876 20282773.462636 9031145.306504 0.000000 0.000000 0.000000
D 1 0 0 -0.038206 0.251595 0.017648 -0.001211 0.000000 0.000000 0.000000
D 1 0 1 0.021784 0.031029 0.028500 0.000000 0.000000 0.000000 0.000000
D 1 0 2 -18.179145 -2.038820 2.510989 3.984189 1.077240 -0.208943 0.000000
D 1 0 3 56.207387 -176.114268 -488.879144 161.036313 966.018622 512.964961 -10.594539
D 1 0 4 101.249990 -436.237419 -456.932021 -298.645140 -0.278699 0.000000 0.000000
D 1 0 5 -9851.928400 60713.691146 -11725.401040 -156175.461130 -142917.845670 -25946.637966 5780.579426
D 1 0 6 145.943876 16726.634337 -1124.868114 0.000000 0.000000 0.000000 0.000000
D 1 1 0 0.076938 0.012111 -0.007131 0.000000 0.000000 0.000000 0.000000
D 1 1 1 -44.185216 12.596264 10.122078 0.726155 -0.875547 0.171810 0.000000
D 1 1 2 78.976458 -2051.028244 1535.713127 4153.612986 1383.049867 -329.662093 -141.712119
D 1 1 3 1243.636639 -3487.808955 -1248.979532 462.448603 2.225060 0.000000 0.000000
D 1 1 4 -67581.712709 528766.283831 -788686.746130 -833815.843405 55804.854383 88470.023538 -4136.950061
D 1 1 5 9571.721528 235204.942312 214.684579 0.000000 0.000000 0.000000 0.000000
D 1 1 6 -2450911.508517 -26479010.283422 100560786.060750 34686536.492783 -12206193.063009 31912.873634 0.000000
D 1 2 0 8.001132 6.651215 -0.970028 -0.720822 0.116167 -0.039197 0.000000
D 1 2 1 -1447.481028 2678.058257 5262.106406 1167.831017 -813.620646 -184.919258 23.276775
D 1 2 2 -2946.087373 -298.382047 524.788412 -273.922428 0.000000 0.000000 0.000000
D 1 2 3 535117.588710 -1329767.548827 -1039897.907805 296242.716155 80182.085954 -55939.045666 1702.331375
D 1 2 4 131337.194749 -214201.091943 -142.818566 0.000000 0.000000 0.000000 0.000000
D 1 2 5 -21506188.713080 184873832.053976 -32105330.158591 -53144752.791062 13140734.248212 -6444.130397 0.000000
D 1 3 0 1386.802577 2007.259320 280.356666 -468.333425 -73.088575 28.292657 5.195205
D 1 3 1 972.349410 -1242.116627 -675.769703 3.369987 0.000000 0.000000 0.000000
D 1 3 2 -717574.766158 43236.050696 41366.521493 -414427.947103 -130573.939520 26978.727760 3219.452387
D 1 3 3 -35999.443925 291748.660924 238.206516 0.000000 0.000000 0.000000 0.000000
D 1 3 4 62110706.737049 -140030080.360056 85272228.726151 80614133.600784 -11208445.470801 4783.918285 0.000000
D 1 3 6 -1319012275.456813 5170148709.139583 -11319285471.409479 3718518.136456 0.000000 0.000000 0.000000
D 1 4 0 -1150.332425 -606.913776 87.043630 61.348936 0.000000 0.000000 0.000000
D 1 4 1 329974.793246 -410442.757811 -762031.716521 -122817.365729 73594.110323 5735.005502 -748.846238
D 1 4 2 170419.009117 -45796.903064 0.000000 0.000000 0.000000 0.000000 0.000000
D 1 4 3 -50888162.559596 194465479.187374 78578066.090290 -35007713.968677 317089.279762 -6600.216576 0.000000
D 1 4 5 679945979.985273 -10949316355.136024 6951481373.475512 -763820.502048 0.000000 0.000000 0.000000
D 1 5 0 -262010.855703 -329239.199915 -50914.002351 55284.588684 4761.501024 -1390.099426 -549.533513
D 1 5 1 -62888.367609 28904.691909 0.000000 0.000000 0.000000 0.000000 0.000000
D 1 5 2 72607651.271202 -10211913.974075 -6240812.112458 15754543.126579 910283.894411 0.000000 0.000000
D 1 5 4 -2893390494.189342 5957145058.354728 -4592017529.572553 423644.097746 0.000000 0.000000 0.000000
D 1 6 0 40906.974962 20985.889478 0.000000 0.000000 0.000000 0.000000 0.000000
D 1 6 1 -23167145.803131 26986284.638382 33737257.607475 2545589.565970 -812600.623348 0.000000 0.000000
D 1 6 3 1208319945.156246 -6501971978.577955 -544420287.577537 -353297.149688 0.000000 0.000000 0.000000
D 2 0 0 0.251017 0.351156 0.530390 0.131338 -0.021073 -0.005019 0.001750
D 2 0 1 -2.133851 -1.091757 0.000000 0.000000 0.000000 0.000000 0.000000
D 2 0 2 -954.685656 -55.165455 -247.470650 -31.776119 19.727882 0.000000 0.000000
D 2 0 3 -15639.629929 51511.714622 -655.689362 -60941.270009 -20055.352743 5163.404936 1420.271863
D 2 0 4 1455.538962 21202.877893 14365.265626 79.144826 0.000000 0.000000 0.000000
D 2 0 5 59254.368830 -5257964.546184 7497606.236227 7709822.157148 543215.101404 -324697.003088 274.675933
D 2 0 6 21995.222542 684.142045 472.249794 0.000000 0.000000 0.000000 0.000000
D 2 1 0 -1.719161 0.707420 0.000000 0.000000 0.000000 0.000000 0.000000
D 2 1 1 -1765.090844 -459.405314 -25.807097 84.222061 -12.336647 0.000000 0.000000
D 2 1 2 38681.010252 6332.438532 -153475.188054 -63052.134251 30880.349816 8350.824422 -1923.095518
D 2 1 3 6939.341877 -4733.119812 -24613.716694 -22.807621 0.000000 0.000000 0.000000
D 2 1 4 -1964829.732714 12116276.313125 10562642.675207 -9682223.589974 -4209276.206551 538734.279563 -2272.096598
D 2 1 5 547698.075625 -19208.620219 0.000000 0.000000 0.000000 0.000000 0.000000
D 2 1 6 -98565768.993204 -84201943.942149 633385909.455835 536496592.281280 -612665.260840 -13085.078304 0.000000
D 2 2 0 -130.386993 -47.663282 75.028634 -10.775789 0.742588 0.000000 0.000000
D 2 2 1 -8004.452718 -97009.686414 -60028.840449 39098.104229 13870.105048 -4466.173826 -439.570375
D 2 2 2 -18975.117779 2699.950956 17076.895146 0.000000 0.000000 0.000000 0.000000
D 2 2 3 5469014.689086 -8641347.555195 -15060419.947115 3555984.160747 4109421.136097 -321285.975035 631.952644
D 2 2 4 3635918.067862 -13614.006762 0.000000 0.000000 0.000000 0.000000 0.000000
D 2 2 5 -488433573.158225 2315209808.681027 313271585.912359 -938210197.077639 686714.485381 0.000000 0.000000
D 2 3 0 -14461.433178 -14218.152382 11151.486980 6580.754377 -2473.110332 -427.512096 158.344118
D 2 3 1 20424.810038 25543.151788 -4969.995492 0.000000 0.000000 0.000000 0.000000
D 2 3 2 -10483009.663620 -865970.447220 20718823.838666 4884369.252050 -3119530.136875 7445.674432 0.000000
D 2 3 3 -1816198.865389 14877.986211 0.000000 0.000000 0.000000 0.000000 0.000000
D 2 3 4 2042979757.011374 -1283545692.827373 -1237811352.743480 801580130.519943 153520.294959 0.000000 0.000000
D 2 3 6 -67838477035.354958 146875462836.463440 206400153.443659 -1400839.143649 0.000000 0.000000 0.000000
D 2 4 0 3188.495290 680.381753 -1541.852593 0.000000 0.000000 0.000000 0.000000
D 2 4 1 5892235.847814 11713756.304018 2405789.646711 -3780246.649762 -111894.323964 89557.417694 0.000000
D 2 4 2 2218529.057825 0.000000 0.000000 0.000000 0.000000 0.000000 0.000000
D 2 4 3 -1561501778.858947 1341774617.879972 1354104400.064091 -315278699.787967 -344584.176394 0.000000 0.000000
D 2 4 5 46145469137.900230 -242004374418.872223 -7008227.051663 0.000000 0.000000 0.000000 0.000000
D 2 5 0 -13305.529224 -62401.880480 -629517.585813 -286250.879524 68041.947198 14626.108916 0.000000
D 2 5 1 -860609.942696 0.000000 0.000000 0.000000 0.000000 0.000000 0.000000
D 2 5 2 1411647800.636420 88762727.989767 -808209148.270643 13429729.113918 0.000000 0.000000 0.000000
D 2 5 4 -117905093839.258102 109570081241.343903 66843472.027000 0.000000 0.000000 0.000000 0.000000
D 2 6 0 412492.846763 0.000000 0.000000 0.000000 0.000000 0.000000 0.000000
D 2 6 1 -523661010.245662 -293439324.403075 52629199.818891 51971832.522903 0.000000 0.000000 0.000000
D 2 6 3 56641420889.138924 -74901763427.369461 -44132714.766834 0.000000 0.000000 0.000000 0.000000
D 3 0 0 5.002404 -5.404782 -14.264078 3.652502 0.756557 -0.502602 0.000000
D 3 0 1 -36.376492 0.000000 0.000000 0.000000 0.000000 0.000000 0.000000
D 3 0 2 1872.555695 -6036.118636 -3144.611693 -729.211990 0.000000 0.000000 0.000000
D 3 0 3 -121597.013725 978085.775352 -776786.702506 -1587824.535567 -381194.130517 55776.296983 3106.997350
D 3 0 4 66254.636753 462778.551417 -2289.420478 0.000000 0.000000 0.000000 0.000000
D 3 0 5 -13725486.234622 -43396002.133507 223965377.082156 122666784.795906 -5390435.918099 -46946.739005 0.000000
D 3 1 0 -26.569615 0.000000 0.000000 0.000000 0.000000 0.000000 0.000000
D 3 1 1 -5874.749827 -8023.032890 -1173.030971 756.667667 0.000000 0.000000 0.000000
D 3 1 2 1230100.154973 -1890542.426893 -4298175.254440 -1435549.091194 384644.620614 129395.741357 -6253.142053
D 3 1 3 1140896.242641 327011.829257 986.752492 0.000000 0.000000 0.000000 0.000000
D 3 1 4 -197685537.488135 671414238.965340 443629121.264938 -48345918.722347 -29537132.296373 89338.141189 0.000000
D 3 1 6 -957628193.722474 -36900341090.906609 -1487494882.378546 38942097.172458 134126.507938 0.000000 0.000000
D 3 2 0 -4806.103085 -1278.111458 761.470009 -85.689311 0.000000 0.000000 0.000000
D 3 2 1 -878369.544214 -3977902.053162 -1838171.352986 589021.024299 261196.148927 -28137.987747 -8068.792471
D 3 2 2 503890.354464 -164376.367632 0.000000 0.000000 0.000000 0.000000 0.000000
D 3 2 3 342758621.756621 538637088.097220 -56763823.808465 -51045486.226678 19931348.841833 -30579.763250 0.000000
D 3 2 5 -15520120700.793663 12189328378.059504 11876898707.771254 1252278.571431 0.000000 0.000000 0.000000
D 3 3 0 -1146100.114168 -862795.002139 289624.783409 137981.136216 -19889.189416 -6222.720872 2007.615424
D 3 3 1 296216.320534 446248.682941 0.000000 0.000000 0.000000 0.000000 0.000000
D 3 3 2 109327245.224252 84661169.519490 284586460.831225 121115936.548588 -21394168.594205 0.000000 0.000000
D 3 3 4 6132455151.478728 -23171635804.690853 -31053105162.946606 -9983778.378231 0.000000 0.000000 0.000000
D 3 3 6 -1124036160945.505371 -3383205835.677619 -87494102.932211 0.000000 0.000000 0.000000 0.000000
D 3 4 0 287093.303863 12360.325993 0.000000 0.000000 0.000000 0.000000 0.000000
D 3 4 1 88385846.239312 466474043.928945 158522478.157879 -51668089.576661 -4393730.615791 0.000000 0.000000
D 3 4 3 -26854603331.391205 -35713183349.441574 17409508318.258106 1298572.974616 0.000000 0.000000 0.000000
D 3 4 5 1068075914953.549805 2404799398.440626 0.000000 0.000000 0.000000 0.000000 0.000000
D 3 5 0 132383090.228824 80138768.121196 -25071045.216365 -3556904.314935 194746.689957 0.000000 0.000000
D 3 5 2 -2176340958.146522 4596331824.094997 -9008449513.089542 0.000000 0.000000 0.000000 0.000000
D 3 5 4 -1474912019686.219727 2522278090.396705 0.000000 0.000000 0.000000 0.000000 0.000000
D 3 6 1 -4653379424.520045 -14186129467.111414 -1685899211.385910 0.000000 0.000000 0.000000 0.000000
D 3 6 3 675394823430.889038 -1378228294.802367 0.000000 0.000000 0.000000 0.000000 0.000000
D 4 0 0 -42.781234 429.931647 -127.550297 -28.619272 51.272089 0.000000 0.000000
D 4 0 2 40110.284535 -1633.310816 12888.315504 0.000000 0.000000 0.000000 0.000000
D 4 0 3 -8224316.265028 10125041.398091 12547383.971930 -2460677.424041 -2615520.457885 129264.809596 0.000000
D 4 0 4 1049713.904215 -12857.408491 0.000000 0.000000 0.000000 0.000000 0.000000
D 4 0 5 -167362222.734025 -838965685.043283 -236336026.619499 250934187.244573 2211751.002536 0.000000 0.000000
D 4 1 1 11063.141357 -18140.543442 -20263.800509 0.000000 0.000000 0.000000 0.000000
D 4 1 2 7223001.514897 16238892.166495 -9682562.212271 -14524750.206719 -1578809.898253 530323.975987 0.000000
D 4 1 3 14570171.003779 -37151.673618 0.000000 0.000000 0.000000 0.000000 0.000000
D 4 1 4 -2311560775.985303 7406550874.214743 5235436054.167738 108347941.099263 -1395425.176889 0.000000 0.000000
D 4 1 6 -97453942664.235489 -483031723661.310303 -1035163677.345747 -5802870.285550 0.000000 0.000000 0.000000
D 4 2 0 -7411.681844 -25720.654580 6889.763176 0.000000 0.000000 0.000000 0.000000
D 4 2 1 -2607112.953476 -8247935.436411 -22510076.521378 -2819208.326105 2723148.553628 108414.600349 0.000000
D 4 2 2 5210238.240746 0.000000 0.000000 0.000000 0.000000 0.000000 0.000000
D 4 2 3 7835123671.166036 6522548353.249748 -166538660.673052 -1030039135.441187 1309650.595994 0.000000 0.000000
D 4 2 5 -778655334800.683350 65951505321.255005 -75642778.457806 0.000000 0.000000 0.000000 0.000000
D 4 3 0 -6720432.183469 -8766246.157036 -1867869.051754 2411251.441100 -35860.915124 -90005.986131 0.000000
D 4 3 1 1569457.870465 0.000000 0.000000 0.000000 0.000000 0.000000 0.000000
D 4 3 2 2143746302.097386 -359223409.112158 -236263363.760205 810818985.228169 0.000000 0.000000 0.000000
D 4 3 4 -102976566334.230865 -122516243762.850082 563513579.018530 0.000000 0.000000 0.000000 0.000000
D 4 4 0 1851662.536656 0.000000 0.000000 0.000000 0.000000 0.000000 0.000000
D 4 4 1 -71889525.590959 2365975413.639297 1763743600.459130 -230832743.843932 0.000000 0.000000 0.000000
D 4 4 3 -374783100236.152161 -505482571497.504517 -72613065.929553 0.000000 0.000000 0.000000 0.000000
D 4 5 0 1630043807.835931 887069860.461875 -114204970.825780 -41471305.798257 0.000000 0.000000 0.000000
D 4 5 2 -271431765695.171112 97648868447.362686 0.000000 0.000000 0.000000 0.000000 0.000000
D 4 6 1 -2399971995.109709 -112196307282.628403 0.000000 0.000000 0.000000 0.000000 0.000000
D 5 0 0 -78.021969 681.377805 399.078275 -2180.545627 0.000000 0.000000 0.000000
D 5 0 2 1591331.994839 617701.605111 0.000000 0.000000 0.000000 0.000000 0.000000
D 5 0 3 -284010495.922019 561146381.073212 596387901.747591 88965870.765027 -18882770.014985 0.000000 0.000000
D 5 0 5 -3580791462.884551 -55590428768.973099 -18944689773.853416 -19963212.598345 0.000000 0.000000 0.000000
D 5 1 1 2170930.341603 13934.710990 0.000000 0.000000 0.000000 0.000000 0.000000
D 5 1 2 321175142.314296 1546754730.655605 438238373.839938 -161720595.655246 -13489142.181819 0.000000 0.000000
D 5 1 4 -76868978900.780075 -59985694422.473595 27176295300.233421 61095431.838594 0.000000 0.000000 0.000000
D 5 1 6 -1188743187885.129150 -2758966814.017635 218480667.312296 0.000000 0.000000 0.000000 0.000000
D 5 2 0 772335.289015 -306663.708207 0.000000 0.000000 0.000000 0.000000 0.000000
D 5 2 1 772254380.685754 749009623.440140 -188254533.891552 -103387929.234898 11867176.128312 0.000000 0.000000
D 5 2 3 -40946595888.263084 19102203046.061035 3022539548.480163 -16614136.630911 0.000000 0.000000 0.000000
D 5 2 5 -7818571064999.035156 -11066364072.773830 0.000000 0.000000 0.000000 0.000000 0.000000
D 5 3 0 289346443.170159 -18603568.668276 -91987834.296605 13096880.157191 2869153.202082 0.000000 0.000000
D 5 3 2 -38207860864.915047 -48008980483.127159 -20160360689.805687 0.000000 0.000000 0.000000 0.000000
D 5 3 4 27147631040.143875 -3916253396.236945 0.000000 0.000000 0.000000 0.000000 0.000000
D 5 4 1 -43090296489.895782 -43216239883.517532 15619777908.441711 0.000000 0.000000 0.000000 0.000000
D 5 4 3 -2188085587596.725586 6883120746.786993 0.000000 0.000000 0.000000 0.000000 0.000000
D 5 5 0 -11548450680.990555 6151199136.131296 583508397.653297 0.000000 0.000000 0.000000 0.000000
D 5 5 2 -1917267995733.412354 0.000000 0.000000 0.000000 0.000000 0.000000 0.000000
D 5 6 1 142717577486.433777 0.000000 0.000000 0.000000 0.000000 0.000000 0.000000
D 6 0 0 410.677450 -7355.920503 32939.212053 0.000000 0.000000 0.000000 0.000000
D 6 0 2 12980273.205273 0.000000 0.000000 0.000000 0.000000 0.000000 0.000000
D 6 0 3 -3408702131.353206 5449539222.195904 4175548491.355786 152352410.337817 0.000000 0.000000 0.000000
D 6 0 5 -137062322710.057190 -487099926574.781311 -366557287.961163 0.000000 0.000000 0.000000 0.000000
D 6 1 1 16607281.066446 0.000000 0.000000 0.000000 0.000000 0.000000 0.000000
D 6 1 2 4798618807.128978 13666972860.115913 4998101532.891868 -669553378.528703 0.000000 0.000000 0.000000
D 6 1 4 -2187558055806.918701 -841090202245.700806 -901184596.173529 0.000000 0.000000 0.000000 0.000000
D 6 2 0 5757907.198759 0.000000 0.000000 0.000000 0.000000 0.000000 0.000000
D 6 2 1 10532234276.297688 8430841540.622074 167089180.319477 -677577415.723825 0.000000 0.000000 0.000000
D 6 2 3 -2154051884745.991455 200119614662.311493 456509130.499076 0.000000 0.000000 0.000000 0.000000
D 6 3 0 3862856675.837523 1263138106.916044 -897866885.997404 23668454.462053 0.000000 0.000000 0.000000
D 6 3 2 -819015699770.593506 -358846154027.545776 0.000000 0.000000 0.000000 0.000000 0.000000
D 6 4 1 -695487073291.128296 -381615103736.470520 0.000000 0.000000 0.000000 0.000000 0.000000
D 6 5 0 -331686798534.776428 42853763388.673172 0.000000 0.000000 0.000000 0.000000 0.000000
T 1 0 0 -2.3427E+00  6.0230E-01  1.2252E-01 -8.5444E-02  0.0000E+00  0.0000E+00   0.0000E+00
T 2 0 0 -3.9319E+00 -8.7557E-01  1.2270E+01  0.0000E+00  0.0000E+00  0.0000E+00   0.0000E+00
T 1 0 2  8.3781E+01 -1.0086E+02  0.0000E+00  0.0000E+00  0.0000E+00  0.0000E+00   0.0000E+00
T 3 0 0  4.1392E+01 -3.7070E+02  0.0000E+00  0.0000E+00  0.0000E+00  0.0000E+00   0.0000E+00
P 0 0 1 -6.5380E-01 -9.7331E-02  1.4350E-01 -1.9313E-02  0.0000E+00  0.0000E+00   0.0000E+00
P 0 0 3  6.0409E+00 -7.7950E+01  0.0000E+00  0.0000E+00  0.0000E+00  0.0000E+00   0.0000E+00
P 0 1 0 -3.5366E-01  2.9185E-01 -4.7389E-02  1.5419E-01  0.0000E+00  0.0000E+00   0.0000E+00
P 0 1 2 -6.1321E+00  1.4877E+01  0.0000E+00  0.0000E+00  0.0000E+00  0.0000E+00   0.0000E+00
P 0 2 1 -5.5248E+01 -9.8969E+00  0.0000E+00  0.0000E+00  0.0000E+00  0.0000E+00   0.0000E+00
P 0 3 0  2.6034E+01  1.6507E+01  0.0000E+00  0.0000E+00  0.0000E+00  0.0000E+00   0.0000E+00
P 1 0 1  4.4915E+00  1.8355E+00  5.4845E+00  0.0000E+00  0.0000E+00  0.0000E+00   0.0000E+00
P 1 0 3  4.7409E+01  6.5451E+01  0.0000E+00  0.0000E+00  0.0000E+00  0.0000E+00   0.0000E+00
P 1 1 0  4.2693E+00  1.4865E+00 -1.5805E+00  0.0000E+00  0.0000E+00  0.0000E+00   0.0000E+00
P 1 1 2 -1.3311E+03  0.0000E+00  0.0000E+00  0.0000E+00  0.0000E+00  0.0000E+00   0.0000E+00
P 1 2 1 -9.4341E+02  0.0000E+00  0.0000E+00  0.0000E+00  0.0000E+00  0.0000E+00   0.0000E+00
P 1 3 0  1.0310E+03  0.0000E+00  0.0000E+00  0.0000E+00  0.0000E+00  0.0000E+00   0.0000E+00
P 2 0 1  3.6884E+00 -1.5865E+02  0.0000E+00  0.0000E+00  0.0000E+00  0.0000E+00   0.0000E+00
P 2 1 0 -8.1345E+01  6.8379E+01  0.0000E+00  0.0000E+00  0.0000E+00  0.0000E+00   0.0000E+00
P 3 0 1 -8.9098E+02  0.0000E+00  0.0000E+00  0.0000E+00  0.0000E+00  0.0000E+00   0.0000E+00
P 3 1 0 -2.5745E+03  0.0000E+00  0.0000E+00  0.0000E+00  0.0000E+00  0.0000E+00   0.0000E+00
Y 0 0 1  7.0170E-01 -1.2796E+00 -6.4398E-01  1.0002E-01  0.0000E+00  0.0000E+00   0.0000E+00
Y 0 0 3  5.6480E-01  1.1906E+02  0.0000E+00  0.0000E+00  0.0000E+00  0.0000E+00   0.0000E+00
Y 0 1 0 -1.1770E+00 -7.5825E-01  1.9346E-01  3.4334E-02  0.0000E+00  0.0000E+00   0.0000E+00
Y 0 1 2  7.0529E+01 -8.9430E+01  0.0000E+00  0.0000E+00  0.0000E+00  0.0000E+00   0.0000E+00
Y 0 2 1 -1.2283E+01  9.8926E+01  0.0000E+00  0.0000E+00  0.0000E+00  0.0000E+00   0.0000E+00
Y 0 3 0  6.4768E+01  3.1901E+01  0.0000E+00  0.0000E+00  0.0000E+00  0.0000E+00   0.0000E+00
Y 1 0 1 -2.7511E+00 -5.7340E+00 -3.7552E+00  0.0000E+00  0.0000E+00  0.0000E+00   0.0000E+00
Y 1 0 3  2.9669E+02  0.0000E+00  0.0000E+00  0.0000E+00  0.0000E+00  0.0000E+00   0.0000E+00
Y 1 1 0 -1.4330E+01 -1.9317E+00  8.5666E-01  0.0000E+00  0.0000E+00  0.0000E+00   0.0000E+00
Y 1 1 2  3.8309E+03  0.0000E+00  0.0000E+00  0.0000E+00  0.0000E+00  0.0000E+00   0.0000E+00
Y 1 2 1 -1.1961E+03  0.0000E+00  0.0000E+00  0.0000E+00  0.0000E+00  0.0000E+00   0.0000E+00
Y 1 3 0  1.0933E+03  0.0000E+00  0.0000E+00  0.0000E+00  0.0000E+00  0.0000E+00   0.0000E+00
Y 2 0 1  4.4602E+02  1.6432E+02  0.0000E+00  0.0000E+00  0.0000E+00  0.0000E+00   0.0000E+00
Y 2 1 0  3.2579E+02 -1.2017E+02  0.0000E+00  0.0000E+00  0.0000E+00  0.0000E+00   0.0000E+00
Y 3 0 1  7.2239E+03  0.0000E+00  0.0000E+00  0.0000E+00  0.0000E+00  0.0000E+00   0.0000E+00
Y 3 1 0  4.5109E+03  0.0000E+00  0.0000E+00  0.0000E+00  0.0000E+00  0.0000E+00   0.0000E+00
L 0 0 0 0  25.00
L 1 0 0 0  1.234E-01
L 2 0 0 0  5.034E-01
L 0 1 0 0 -1.025E+01
L 0 2 0 0  3.248E+01
L 0 0 1 0 -1.238E+00
L 0 0 2 0 -4.672E+00
L 0 0 0 1  1.066E+00
L 0 0 0 2  2.013E+01
XF 1 0 0 0 0 -2.181E+00
XF 0 1 0 0 0 -1.980E-01
XF 0 0 0 0 1  1.191E+01
TF 1 0 0 0 0 -1.000E-01
TF 0 1 0 0 0 -4.690E-01
TF 0 0 0 0 1  1.967E+00
PF 0 0 1 0 0  3.630E-01
PF 0 0 0 1 0 -0.902E+00
YF 0 0 1 0 0 -5.950E-01
YF 0 0 0 1 0 -1.274E+00