############################## LEFT PION-REJECTOR DETECTOR 2 ######################
Number of columns (x-stripes) and rows (y-stripes)
       2     17
Crate, Slot, First, Last ADC channels of blocks
       3      24      34      63
       3      23       0       3
      -1      0        0      0
Translation table from ADC hardware channel to logical channel number (starts at 1!)
   1   2   3   4   5   6   7   8   9  10  11  12  13  14  15  16  17  
  18  19  20  21  22  23  24  25  26  27  28  29  30  31  32  33  34
X,Y,Z coords of Preshower front plane in spectrom cs
     0.0     0.0   4.65                           - Meters
Half of X, half of Y, full Z sizes of Preshower
   1.252   0.325    0.15                          - Meters
Rotation angle of the Preshower plane
     0.0                                          - Degrees
x,y position of the center of block 1
    1.009   0.1625                                 - Meters
dx and dy block spacing
   -0.1473   -0.325                                 - Meters
Energy threshold for clusters to be considered
    10.0                                          - MeV
[confgi=3330]
ADC pedestals
 500 500 593 613 634 623
 540 533 507 519 598 596
 603 617 512 529 463 484
 588 641 612 636 552 534
 509 548 670 656 635 654
 485 514 495 453
Energy calibration coefficients   
    0.73967    1.07816
    0.86463    0.93450
    0.86596    0.93595
    0.94175    0.92449
    1.07250    0.88778
    1.01247    0.90178
    0.96247    0.82118
    0.94606    0.77670
    2.03949    0.47365
    0.79388    0.82968
    0.99688    0.95267
    0.77613    1.00838
    0.93644    1.10845
    1.20340    1.04091
    0.95154    1.03098
    0.93368    0.84429
    1.05266    0.78327
[confgi=2557]
ADC pedestals
 500 500 593 613 634 623
 540 533 507 519 598 596
 603 617 512 529 463 484
 588 641 612 636 552 534
 509 548 670 656 635 654
 485 514 495 453
Energy calibration coefficients
    4.33823    4.31538
    0.14110    0.01000
    0.50733    0.61572
    0.44533    0.84682
    0.53468    0.56396
    0.66990    0.49784
    0.75894    1.62386
    3.64605    5.12131
    1.07664    7.19174
    2.26102    0.21480
    0.18470    0.33914
    0.67276    0.44210
    0.46654    0.65419
    0.21971    0.63134
    0.63872    0.01000
    1.44522    3.64059
    1.23700    1.05322
[confgi=2597]
ADC pedestals
 500 500 593 613 634 623
 540 533 507 519 598 596
 603 617 512 529 463 484
 588 641 612 636 552 534
 509 548 670 656 635 654
 485 514 495 453
Energy calibration coefficients
    3.66178    3.70121
    0.12053    0.01000
    0.43294    0.52629
    0.37768    0.72291
    0.45611    0.48153
    0.57298    0.42670
    0.64926    1.35479
    3.09253    4.38470
    1.07664    6.19179
    1.95872    0.18198
    0.15999    0.29604
    0.57667    0.38006
    0.39988    0.56189
    0.19417    0.54041
    0.54656    0.01000
    1.22117    3.11556
    1.23700    1.05322
[confgi=2573]
ADC pedestals
 500 500 593 613 634 623
 540 533 507 519 598 596
 603 617 512 529 463 484
 588 641 612 636 552 534
 509 548 670 656 635 654
 485 514 495 453
Energy calibration coefficients
    0.79508    1.33300
    1.08300    1.00411
    2.87882    0.01000
    0.01000    0.74421
    0.47551    0.60468
    0.60653    0.52970
    0.28105    2.59099
    5.62447    5.39419
    1.07664    0.84217
    0.87901    1.46100
    1.54500    0.84296
    0.94960    1.83371
    0.81744    0.22998
    0.83011    0.52198
    0.53170    0.10617
    1.60106    7.76830
    1.23700    1.05322
