############# RIGHT VDCS  ###################
No of Crate, Slot, First, Last chans
[ R.vdc.u1 ]
1       7       0       95
1       8       0       95
1       9       0       95
1      10       0       79
0.0  0.77852 -0.0042426 -45.0                  z, wbeg, wspac, wangle (m)
5.000e4                                        Drift velocity (m/s)
TDC Offset Values
   1 1767.5    2 1767.5    3 1767.5    4 1767.5    5 1767.5    6 1767.5    7 1767.5    8 1767.5
   9 1767.5   10 1767.5   11 1767.5   12 1767.5   13 1767.5   14 1767.5   15 1767.5   16 1767.5
  17 1767.5   18 1767.5   19 1767.5   20 1767.5   21 1767.5   22 1767.5   23 1767.5   24 1767.5
  25 1767.5   26 1767.5   27 1767.5   28 1767.5   29 1767.5   30 1767.5   31 1767.5   32 1767.5
  33 1767.5   34 1767.5   35 1767.5   36 1767.5   37 1767.5   38 1767.5   39 1767.5   40 1767.5
  41 1767.5   42 1767.5   43 1767.5   44 1767.5   45 1767.5   46 1767.5   47 1767.5   48 1767.5
  49 1767.5   50 1767.5   51 1767.5   52 1767.5   53 1767.5   54 1767.5   55 1767.5   56 1767.5
  57 1767.5   58 1767.5   59 1767.5   60 1767.5   61 1767.5   62 1767.5   63 1767.5   64 1767.5
  65 1767.5   66 1767.5   67 1767.5   68 1767.5   69 1767.5   70 1767.5   71 1767.5   72 1767.5
  73 1767.5   74 1767.5   75 1767.5   76 1767.5   77 1767.5   78 1767.5   79 1767.5   80 1767.5
  81 1767.5   82 1767.5   83 1767.5   84 1767.5   85 1767.5   86 1767.5   87 1767.5   88 1767.5
  89 1767.5   90 1767.5   91 1767.5   92 1767.5   93 1767.5   94 1767.5   95 1767.5   96 1767.5
  97 1767.5   98 1767.5   99 1767.5  100 1767.5  101 1767.5  102 1767.5  103 1767.5  104 1767.5
 105 1767.5  106 1767.5  107 1767.5  108 1767.5  109 1767.5  110 1767.5  111 1767.5  112 1767.5
 113 1778.4  114 1778.4  115 1778.4  116 1778.4  117 1778.4  118 1778.4  119 1778.4  120 1778.4
 121 1778.4  122 1778.4  123 1778.4  124 1778.4  125 1778.4  126 1778.4  127 1778.4  128 1778.4
 129 1779.3  130 1779.3  131 1779.3  132 1779.3  133 1779.3  134 1779.3  135 1779.3  136 1779.3
 137 1779.3  138 1779.3  139 1779.3  140 1779.3  141 1779.3  142 1779.3  143 1779.3  144 1779.3
 145 1772.1  146 1772.1  147 1772.1  148 1772.1  149 1772.1  150 1772.1  151 1772.1  152 1772.1
 153 1772.1  154 1772.1  155 1772.1  156 1772.1  157 1772.1  158 1772.1  159 1772.1  160 1772.1
 161 1774.8  162 1774.8  163 1774.8  164 1774.8  165 1774.8  166 1774.8  167 1774.8  168 1774.8
 169 1774.8  170 1774.8  171 1774.8  172 1774.8  173 1774.8  174 1774.8  175 1774.8  176 1774.8
 177 1772.0  178 1772.0  179 1772.0  180 1772.0  181 1772.0  182 1772.0  183 1772.0  184 1772.0
 185 1772.0  186 1772.0  187 1772.0  188 1772.0  189 1772.0  190 1772.0  191 1772.0  192 1772.0
 193 1775.4  194 1775.4  195 1775.4  196 1775.4  197 1775.4  198 1775.4  199 1775.4  200 1775.4
 201 1775.4  202 1775.4  203 1775.4  204 1775.4  205 1775.4  206 1775.4  207 1775.4  208 1775.4
 209 1768.8  210 1768.8  211 1768.8  212 1768.8  213 1768.8  214 1768.8  215 1768.8  216 1768.8
 217 1768.8  218 1768.8  219 1768.8  220 1768.8  221 1768.8  222 1768.8  223 1768.8  224 1768.8
 225 1774.9  226 1774.9  227 1774.9  228 1774.9  229 1774.9  230 1774.9  231 1774.9  232 1774.9
 233 1774.9  234 1774.9  235 1774.9  236 1774.9  237 1774.9  238 1774.9  239 1774.9  240 1774.9
 241 1765.3  242 1765.3  243 1765.3  244 1765.3  245 1765.3  246 1765.3  247 1765.3  248 1765.3
 249 1765.3  250 1765.3  251 1765.3  252 1765.3  253 1765.3  254 1765.3  255 1765.3  256 1765.3
 257 1771.2  258 1771.2  259 1771.2  260 1771.2  261 1771.2  262 1771.2  263 1771.2  264 1771.2
 265 1771.2  266 1771.2  267 1771.2  268 1771.2  269 1771.2  270 1771.2  271 1771.2  272 1771.2
 273 1767.9  274 1767.9  275 1767.9  276 1767.9  277 1767.9  278 1767.9  279 1767.9  280 1767.9
 281 1767.9  282 1767.9  283 1767.9  284 1767.9  285 1767.9  286 1767.9  287 1767.9  288 1767.9
 289 1775.2  290 1775.2  291 1775.2  292 1775.2  293 1775.2  294 1775.2  295 1775.2  296 1775.2
 297 1775.2  298 1775.2  299 1775.2  300 1775.2  301 1775.2  302 1775.2  303 1775.2  304 1775.2
 305 1775.2  306 1775.2  307 1775.2  308 1775.2  309 1775.2  310 1775.2  311 1775.2  312 1775.2
 313 1775.2  314 1775.2  315 1775.2  316 1775.2  317 1775.2  318 1775.2  319 1775.2  320 1775.2
 321 1775.2  322 1775.2  323 1775.2  324 1775.2  325 1775.2  326 1775.2  327 1775.2  328 1775.2
 329 1775.2  330 1775.2  331 1775.2  332 1775.2  333 1775.2  334 1775.2  335 1775.2  336 1775.2
 337 1775.2  338 1775.2  339 1775.2  340 1775.2  341 1775.2  342 1775.2  343 1775.2  344 1775.2
 345 1775.2  346 1775.2  347 1775.2  348 1775.2  349 1775.2  350 1775.2  351 1775.2  352 1775.2
 353 1775.2  354 1775.2  355 1775.2  356 1775.2  357 1775.2  358 1775.2  359 1775.2  360 1775.2
 361 1775.2  362 1775.2  363 1775.2  364 1775.2  365 1775.2  366 1775.2  367 1775.2  368 1775.2
TTD Lookup Table
2.550e-08
647
0.00e+00 0.00e+00 0.00e+00 0.00e+00 0.00e+00 0.00e+00 0.00e+00 0.00e+00 0.00e+00 0.00e+00
0.00e+00 0.00e+00 0.00e+00 0.00e+00 0.00e+00 0.00e+00 0.00e+00 0.00e+00 0.00e+00 0.00e+00
0.00e+00 0.00e+00 0.00e+00 0.00e+00 0.00e+00 0.00e+00 0.00e+00 0.00e+00 0.00e+00 0.00e+00
0.00e+00 0.00e+00 0.00e+00 0.00e+00 0.00e+00 0.00e+00 0.00e+00 0.00e+00 0.00e+00 0.00e+00
0.00e+00 0.00e+00 0.00e+00 0.00e+00 0.00e+00 0.00e+00 0.00e+00 0.00e+00 0.00e+00 0.00e+00
2.79e-03 6.79e-03 1.19e-02 1.82e-02 2.59e-02 3.57e-02 4.72e-02 6.06e-02 7.67e-02 9.54e-02
1.16e-01 1.38e-01 1.63e-01 1.91e-01 2.21e-01 2.51e-01 2.85e-01 3.20e-01 3.62e-01 3.99e-01
4.39e-01 4.78e-01 5.18e-01 5.58e-01 6.02e-01 6.43e-01 6.86e-01 7.27e-01 7.71e-01 8.14e-01
8.57e-01 8.99e-01 9.45e-01 9.88e-01 1.03e+00 1.08e+00 1.12e+00 1.16e+00 1.21e+00 1.25e+00
1.30e+00 1.34e+00 1.39e+00 1.43e+00 1.48e+00 1.52e+00 1.57e+00 1.61e+00 1.66e+00 1.70e+00
1.75e+00 1.79e+00 1.83e+00 1.88e+00 1.92e+00 1.97e+00 2.01e+00 2.06e+00 2.10e+00 2.15e+00
2.19e+00 2.24e+00 2.28e+00 2.32e+00 2.37e+00 2.41e+00 2.45e+00 2.49e+00 2.54e+00 2.58e+00
2.62e+00 2.66e+00 2.70e+00 2.74e+00 2.78e+00 2.82e+00 2.86e+00 2.90e+00 2.93e+00 2.96e+00
3.00e+00 3.03e+00 3.06e+00 3.09e+00 3.13e+00 3.16e+00 3.18e+00 3.21e+00 3.25e+00 3.27e+00
3.30e+00 3.33e+00 3.36e+00 3.38e+00 3.41e+00 3.44e+00 3.47e+00 3.50e+00 3.53e+00 3.55e+00
3.58e+00 3.61e+00 3.64e+00 3.67e+00 3.70e+00 3.72e+00 3.75e+00 3.78e+00 3.81e+00 3.83e+00
3.86e+00 3.89e+00 3.92e+00 3.94e+00 3.97e+00 4.00e+00 4.02e+00 4.05e+00 4.08e+00 4.10e+00
4.13e+00 4.16e+00 4.18e+00 4.21e+00 4.24e+00 4.26e+00 4.29e+00 4.32e+00 4.34e+00 4.37e+00
4.39e+00 4.42e+00 4.44e+00 4.47e+00 4.50e+00 4.52e+00 4.55e+00 4.57e+00 4.60e+00 4.62e+00
4.65e+00 4.67e+00 4.70e+00 4.72e+00 4.75e+00 4.77e+00 4.80e+00 4.82e+00 4.85e+00 4.87e+00
4.90e+00 4.92e+00 4.95e+00 4.97e+00 5.00e+00 5.02e+00 5.05e+00 5.07e+00 5.10e+00 5.12e+00
5.14e+00 5.17e+00 5.19e+00 5.22e+00 5.24e+00 5.27e+00 5.29e+00 5.31e+00 5.34e+00 5.36e+00
5.39e+00 5.41e+00 5.44e+00 5.46e+00 5.48e+00 5.51e+00 5.53e+00 5.55e+00 5.58e+00 5.60e+00
5.63e+00 5.65e+00 5.67e+00 5.70e+00 5.72e+00 5.74e+00 5.77e+00 5.79e+00 5.81e+00 5.84e+00
5.86e+00 5.88e+00 5.91e+00 5.93e+00 5.96e+00 5.98e+00 6.00e+00 6.03e+00 6.05e+00 6.07e+00
6.10e+00 6.12e+00 6.15e+00 6.17e+00 6.19e+00 6.22e+00 6.24e+00 6.26e+00 6.29e+00 6.31e+00
6.34e+00 6.36e+00 6.39e+00 6.41e+00 6.43e+00 6.46e+00 6.48e+00 6.51e+00 6.53e+00 6.55e+00
6.58e+00 6.60e+00 6.63e+00 6.65e+00 6.68e+00 6.70e+00 6.72e+00 6.75e+00 6.77e+00 6.80e+00
6.82e+00 6.85e+00 6.87e+00 6.89e+00 6.92e+00 6.94e+00 6.97e+00 6.99e+00 7.02e+00 7.04e+00
7.06e+00 7.09e+00 7.11e+00 7.14e+00 7.16e+00 7.18e+00 7.21e+00 7.23e+00 7.26e+00 7.28e+00
7.30e+00 7.33e+00 7.35e+00 7.38e+00 7.40e+00 7.42e+00 7.45e+00 7.47e+00 7.50e+00 7.52e+00
7.55e+00 7.57e+00 7.59e+00 7.62e+00 7.64e+00 7.67e+00 7.69e+00 7.71e+00 7.74e+00 7.76e+00
7.78e+00 7.81e+00 7.83e+00 7.86e+00 7.88e+00 7.90e+00 7.93e+00 7.95e+00 7.98e+00 8.00e+00
8.02e+00 8.05e+00 8.07e+00 8.09e+00 8.12e+00 8.14e+00 8.17e+00 8.19e+00 8.21e+00 8.24e+00
8.26e+00 8.28e+00 8.31e+00 8.33e+00 8.35e+00 8.38e+00 8.40e+00 8.43e+00 8.45e+00 8.47e+00
8.50e+00 8.52e+00 8.55e+00 8.57e+00 8.59e+00 8.62e+00 8.64e+00 8.66e+00 8.69e+00 8.71e+00
8.73e+00 8.76e+00 8.78e+00 8.81e+00 8.83e+00 8.85e+00 8.88e+00 8.90e+00 8.92e+00 8.95e+00
8.97e+00 8.99e+00 9.02e+00 9.04e+00 9.06e+00 9.09e+00 9.11e+00 9.13e+00 9.16e+00 9.18e+00
9.21e+00 9.23e+00 9.25e+00 9.28e+00 9.30e+00 9.32e+00 9.35e+00 9.37e+00 9.39e+00 9.42e+00
9.44e+00 9.46e+00 9.49e+00 9.51e+00 9.54e+00 9.56e+00 9.58e+00 9.61e+00 9.63e+00 9.65e+00
9.68e+00 9.70e+00 9.72e+00 9.75e+00 9.77e+00 9.79e+00 9.82e+00 9.84e+00 9.86e+00 9.89e+00
9.91e+00 9.94e+00 9.96e+00 9.98e+00 1.00e+01 1.00e+01 1.01e+01 1.01e+01 1.01e+01 1.01e+01
1.01e+01 1.02e+01 1.02e+01 1.02e+01 1.02e+01 1.03e+01 1.03e+01 1.03e+01 1.03e+01 1.04e+01
1.04e+01 1.04e+01 1.04e+01 1.05e+01 1.05e+01 1.05e+01 1.05e+01 1.05e+01 1.06e+01 1.06e+01
1.06e+01 1.06e+01 1.07e+01 1.07e+01 1.07e+01 1.07e+01 1.08e+01 1.08e+01 1.08e+01 1.08e+01
1.08e+01 1.09e+01 1.09e+01 1.09e+01 1.09e+01 1.10e+01 1.10e+01 1.10e+01 1.10e+01 1.11e+01
1.11e+01 1.11e+01 1.11e+01 1.12e+01 1.12e+01 1.12e+01 1.12e+01 1.12e+01 1.13e+01 1.13e+01
1.13e+01 1.13e+01 1.14e+01 1.14e+01 1.14e+01 1.14e+01 1.15e+01 1.15e+01 1.15e+01 1.15e+01
1.15e+01 1.16e+01 1.16e+01 1.16e+01 1.16e+01 1.17e+01 1.17e+01 1.17e+01 1.17e+01 1.18e+01
1.18e+01 1.18e+01 1.18e+01 1.19e+01 1.19e+01 1.19e+01 1.19e+01 1.19e+01 1.20e+01 1.20e+01
1.20e+01 1.20e+01 1.21e+01 1.21e+01 1.21e+01 1.21e+01 1.22e+01 1.22e+01 1.22e+01 1.22e+01
1.22e+01 1.23e+01 1.23e+01 1.23e+01 1.23e+01 1.24e+01 1.24e+01 1.24e+01 1.24e+01 1.25e+01
1.25e+01 1.25e+01 1.25e+01 1.25e+01 1.26e+01 1.26e+01 1.26e+01 1.26e+01 1.27e+01 1.27e+01
1.27e+01 1.27e+01 1.28e+01 1.28e+01 1.28e+01 1.28e+01 1.28e+01 1.29e+01 1.29e+01 1.29e+01
1.29e+01 1.30e+01 1.30e+01 1.30e+01 1.30e+01 1.31e+01 1.31e+01 1.31e+01 1.31e+01 1.31e+01
1.32e+01 1.32e+01 1.32e+01 1.32e+01 1.33e+01 1.33e+01 1.33e+01 1.33e+01 1.34e+01 1.34e+01
1.34e+01 1.34e+01 1.34e+01 1.35e+01 1.35e+01 1.35e+01 1.35e+01 1.36e+01 1.36e+01 1.36e+01
1.36e+01 1.37e+01 1.37e+01 1.37e+01 1.37e+01 1.37e+01 1.38e+01 1.38e+01 1.38e+01 1.38e+01
1.39e+01 1.39e+01 1.39e+01 1.39e+01 1.40e+01 1.40e+01 1.40e+01 1.40e+01 1.40e+01 1.41e+01
1.41e+01 1.41e+01 1.41e+01 1.42e+01 1.42e+01 1.42e+01 1.42e+01 1.42e+01 1.43e+01 1.43e+01
1.43e+01 1.43e+01 1.44e+01 1.44e+01 1.44e+01 1.44e+01 1.44e+01 1.45e+01 1.45e+01 1.45e+01
1.45e+01 1.45e+01 1.45e+01 1.46e+01 1.46e+01 1.46e+01 1.46e+01 1.46e+01 1.47e+01 1.47e+01
1.47e+01 1.47e+01 1.47e+01 1.47e+01 1.48e+01 1.48e+01 1.48e+01 1.48e+01 1.48e+01 1.48e+01
1.48e+01 1.48e+01 1.49e+01 1.49e+01 1.49e+01 1.49e+01 1.49e+01 1.49e+01 1.49e+01 1.49e+01
1.49e+01 1.50e+01 1.50e+01 1.50e+01 1.50e+01 1.50e+01 1.50e+01 1.51e+01 1.51e+01 1.51e+01
1.51e+01 1.51e+01 1.51e+01 1.51e+01 1.51e+01 1.51e+01 1.51e+01 1.51e+01 1.51e+01 1.51e+01
1.51e+01 1.51e+01 1.51e+01 1.51e+01 1.51e+01 1.51e+01 1.51e+01 1.51e+01 1.51e+01 1.51e+01
1.51e+01 1.51e+01 1.51e+01 1.51e+01 1.51e+01 1.51e+01 1.51e+01 1.51e+01 1.51e+01 1.51e+01
1.51e+01 1.51e+01 1.51e+01 1.51e+01 1.51e+01 1.51e+01 1.51e+01 1.51e+01 1.51e+01 1.51e+01
1.51e+01 1.51e+01 1.51e+01 1.51e+01 1.51e+01 1.51e+01 1.51e+01 1.51e+01 1.51e+01 1.51e+01
1.51e+01 1.51e+01 1.51e+01 1.51e+01 1.51e+01 1.51e+01 1.51e+01 1.51e+01 1.51e+01 1.51e+01
1.51e+01 1.51e+01 1.51e+01 1.51e+01 1.51e+01 1.51e+01 1.51e+01 1.51e+01 1.51e+01 1.51e+01
1.51e+01 1.51e+01 1.51e+01 1.51e+01 1.51e+01 1.51e+01 1.51e+01 1.51e+01 1.51e+01 1.51e+01
1.51e+01 1.51e+01 1.51e+01 1.51e+01 1.51e+01 1.51e+01 1.51e+01 1.51e+01 1.51e+01 1.51e+01
1.51e+01 1.51e+01 1.51e+01 1.51e+01 1.51e+01 1.51e+01 1.51e+01 1.51e+01 1.51e+01 1.51e+01
1.51e+01 1.51e+01 1.51e+01 1.51e+01 1.51e+01 1.51e+01 1.51e+01 1.51e+01 1.51e+01 1.51e+01
1.51e+01 1.51e+01 1.51e+01 1.51e+01 1.51e+01 1.51e+01 1.51e+01 1.51e+01 1.51e+01 1.51e+01
1.51e+01 1.51e+01 1.51e+01 1.51e+01 1.51e+01 1.51e+01 1.51e+01 1.51e+01 1.51e+01 1.51e+01
1.51e+01 1.51e+01 1.51e+01 1.51e+01 1.51e+01 1.51e+01 1.51e+01 1.51e+01 1.51e+01 1.51e+01
1.51e+01 1.51e+01 1.51e+01 1.51e+01 1.51e+01 1.51e+01 1.51e+01 1.51e+01 
[ R.vdc.v1 ]
2       7       0         95
2       8       0         95
2       9       0         95
2      10       0         79
0.026  0.77852 -0.0042426 45.0                 z, wbeg, wspac, wangle (m)
4.971e4                                        Drift velocity (m/s)
TDC Offset Values
   1 1768.5    2 1768.5    3 1768.5    4 1768.5    5 1768.5    6 1768.5    7 1768.5    8 1768.5
   9 1768.5   10 1768.5   11 1768.5   12 1768.5   13 1768.5   14 1768.5   15 1768.5   16 1768.5
  17 1768.5   18 1768.5   19 1768.5   20 1768.5   21 1768.5   22 1768.5   23 1768.5   24 1768.5
  25 1768.5   26 1768.5   27 1768.5   28 1768.5   29 1768.5   30 1768.5   31 1768.5   32 1768.5
  33 1768.5   34 1768.5   35 1768.5   36 1768.5   37 1768.5   38 1768.5   39 1768.5   40 1768.5
  41 1768.5   42 1768.5   43 1768.5   44 1768.5   45 1768.5   46 1768.5   47 1768.5   48 1768.5
  49 1768.5   50 1768.5   51 1768.5   52 1768.5   53 1768.5   54 1768.5   55 1768.5   56 1768.5
  57 1768.5   58 1768.5   59 1768.5   60 1768.5   61 1768.5   62 1768.5   63 1768.5   64 1768.5
  65 1768.5   66 1768.5   67 1768.5   68 1768.5   69 1768.5   70 1768.5   71 1768.5   72 1768.5
  73 1768.5   74 1768.5   75 1768.5   76 1768.5   77 1768.5   78 1768.5   79 1768.5   80 1768.5
  81 1768.5   82 1768.5   83 1768.5   84 1768.5   85 1768.5   86 1768.5   87 1768.5   88 1768.5
  89 1768.5   90 1768.5   91 1768.5   92 1768.5   93 1768.5   94 1768.5   95 1768.5   96 1768.5
  97 1780.0   98 1780.0   99 1780.0  100 1780.0  101 1780.0  102 1780.0  103 1780.0  104 1780.0
 105 1780.0  106 1780.0  107 1780.0  108 1780.0  109 1780.0  110 1780.0  111 1780.0  112 1780.0
 113 1780.0  114 1780.0  115 1780.0  116 1780.0  117 1780.0  118 1780.0  119 1780.0  120 1780.0
 121 1780.0  122 1780.0  123 1780.0  124 1780.0  125 1780.0  126 1780.0  127 1780.0  128 1780.0
 129 1773.3  130 1773.3  131 1773.3  132 1773.3  133 1773.3  134 1773.3  135 1773.3  136 1773.3
 137 1773.3  138 1773.3  139 1773.3  140 1773.3  141 1773.3  142 1773.3  143 1773.3  144 1773.3
 145 1772.3  146 1772.3  147 1772.3  148 1772.3  149 1772.3  150 1772.3  151 1772.3  152 1772.3
 153 1772.3  154 1772.3  155 1772.3  156 1772.3  157 1772.3  158 1772.3  159 1772.3  160 1772.3
 161 1772.9  162 1772.9  163 1772.9  164 1772.9  165 1772.9  166 1772.9  167 1772.9  168 1772.9
 169 1772.9  170 1772.9  171 1772.9  172 1772.9  173 1772.9  174 1772.9  175 1772.9  176 1772.9
 177 1773.0  178 1773.0  179 1773.0  180 1773.0  181 1773.0  182 1773.0  183 1773.0  184 1773.0
 185 1773.0  186 1773.0  187 1773.0  188 1773.0  189 1773.0  190 1773.0  191 1773.0  192 1773.0
 193 1779.8  194 1779.8  195 1779.8  196 1779.8  197 1779.8  198 1779.8  199 1779.8  200 1779.8
 201 1779.8  202 1779.8  203 1779.8  204 1779.8  205 1779.8  206 1779.8  207 1779.8  208 1779.8
 209 1776.7  210 1776.7  211 1776.7  212 1776.7  213 1776.7  214 1776.7  215 1776.7  216 1776.7
 217 1776.7  218 1776.7  219 1776.7  220 1776.7  221 1776.7  222 1776.7  223 1776.7  224 1776.7
 225 1775.8  226 1775.8  227 1775.8  228 1775.8  229 1775.8  230 1775.8  231 1775.8  232 1775.8
 233 1775.8  234 1775.8  235 1775.8  236 1775.8  237 1775.8  238 1775.8  239 1775.8  240 1775.8
 241 1775.8  242 1775.8  243 1775.8  244 1775.8  245 1775.8  246 1775.8  247 1775.8  248 1775.8
 249 1775.8  250 1775.8  251 1775.8  252 1775.8  253 1775.8  254 1775.8  255 1775.8  256 1775.8
 257 1772.5  258 1772.5  259 1772.5  260 1772.5  261 1772.5  262 1772.5  263 1772.5  264 1772.5
 265 1772.5  266 1772.5  267 1772.5  268 1772.5  269 1772.5  270 1772.5  271 1772.5  272 1772.5
 273 1769.0  274 1769.0  275 1769.0  276 1769.0  277 1769.0  278 1769.0  279 1769.0  280 1769.0
 281 1769.0  282 1769.0  283 1769.0  284 1769.0  285 1769.0  286 1769.0  287 1769.0  288 1769.0
 289 1770.1  290 1770.1  291 1770.1  292 1770.1  293 1770.1  294 1770.1  295 1770.1  296 1770.1
 297 1770.1  298 1770.1  299 1770.1  300 1770.1  301 1770.1  302 1770.1  303 1770.1  304 1770.1
 305 1770.1  306 1770.1  307 1770.1  308 1770.1  309 1770.1  310 1770.1  311 1770.1  312 1770.1
 313 1770.1  314 1770.1  315 1770.1  316 1770.1  317 1770.1  318 1770.1  319 1770.1  320 1770.1
 321 1770.1  322 1770.1  323 1770.1  324 1770.1  325 1770.1  326 1770.1  327 1770.1  328 1770.1
 329 1770.1  330 1770.1  331 1770.1  332 1770.1  333 1770.1  334 1770.1  335 1770.1  336 1770.1
 337 1770.1  338 1770.1  339 1770.1  340 1770.1  341 1770.1  342 1770.1  343 1770.1  344 1770.1
 345 1770.1  346 1770.1  347 1770.1  348 1770.1  349 1770.1  350 1770.1  351 1770.1  352 1770.1
 353 1770.1  354 1770.1  355 1770.1  356 1770.1  357 1770.1  358 1770.1  359 1770.1  360 1770.1
 361 1770.1  362 1770.1  363 1770.1  364 1770.1  365 1770.1  366 1770.1  367 1770.1  368 1770.1
TTD Lookup Table
2.550e-08
647
0.00e+00 0.00e+00 0.00e+00 0.00e+00 0.00e+00 0.00e+00 0.00e+00 0.00e+00 0.00e+00 0.00e+00
0.00e+00 0.00e+00 0.00e+00 0.00e+00 0.00e+00 0.00e+00 0.00e+00 0.00e+00 0.00e+00 0.00e+00
0.00e+00 0.00e+00 0.00e+00 0.00e+00 0.00e+00 0.00e+00 0.00e+00 0.00e+00 0.00e+00 0.00e+00
0.00e+00 0.00e+00 0.00e+00 0.00e+00 0.00e+00 0.00e+00 0.00e+00 0.00e+00 0.00e+00 0.00e+00
0.00e+00 0.00e+00 0.00e+00 0.00e+00 0.00e+00 0.00e+00 0.00e+00 0.00e+00 0.00e+00 0.00e+00
1.57e-03 3.72e-03 6.60e-03 1.05e-02 1.55e-02 2.17e-02 2.93e-02 3.87e-02 4.96e-02 6.23e-02
7.71e-02 9.45e-02 1.14e-01 1.36e-01 1.59e-01 1.85e-01 2.13e-01 2.42e-01 2.74e-01 3.08e-01
3.42e-01 3.78e-01 4.13e-01 4.51e-01 4.89e-01 5.27e-01 5.65e-01 6.06e-01 6.47e-01 6.87e-01
7.28e-01 7.70e-01 8.12e-01 8.54e-01 8.96e-01 9.41e-01 9.84e-01 1.03e+00 1.07e+00 1.11e+00
1.16e+00 1.20e+00 1.25e+00 1.29e+00 1.34e+00 1.38e+00 1.43e+00 1.47e+00 1.52e+00 1.57e+00
1.61e+00 1.66e+00 1.70e+00 1.75e+00 1.79e+00 1.84e+00 1.89e+00 1.93e+00 1.98e+00 2.03e+00
2.07e+00 2.12e+00 2.16e+00 2.21e+00 2.25e+00 2.30e+00 2.34e+00 2.39e+00 2.43e+00 2.48e+00
2.52e+00 2.56e+00 2.60e+00 2.65e+00 2.69e+00 2.73e+00 2.77e+00 2.81e+00 2.84e+00 2.88e+00
2.92e+00 2.95e+00 2.99e+00 3.02e+00 3.06e+00 3.09e+00 3.12e+00 3.15e+00 3.18e+00 3.21e+00
3.24e+00 3.27e+00 3.30e+00 3.33e+00 3.36e+00 3.39e+00 3.41e+00 3.44e+00 3.47e+00 3.50e+00
3.53e+00 3.55e+00 3.58e+00 3.61e+00 3.64e+00 3.67e+00 3.69e+00 3.72e+00 3.75e+00 3.77e+00
3.80e+00 3.83e+00 3.86e+00 3.88e+00 3.91e+00 3.94e+00 3.96e+00 3.99e+00 4.01e+00 4.04e+00
4.07e+00 4.09e+00 4.12e+00 4.14e+00 4.17e+00 4.20e+00 4.22e+00 4.25e+00 4.27e+00 4.30e+00
4.32e+00 4.35e+00 4.37e+00 4.40e+00 4.42e+00 4.45e+00 4.47e+00 4.50e+00 4.52e+00 4.55e+00
4.57e+00 4.60e+00 4.62e+00 4.64e+00 4.67e+00 4.69e+00 4.72e+00 4.74e+00 4.77e+00 4.79e+00
4.81e+00 4.84e+00 4.86e+00 4.89e+00 4.91e+00 4.94e+00 4.96e+00 4.99e+00 5.01e+00 5.03e+00
5.06e+00 5.08e+00 5.11e+00 5.13e+00 5.15e+00 5.18e+00 5.20e+00 5.23e+00 5.25e+00 5.27e+00
5.30e+00 5.32e+00 5.35e+00 5.37e+00 5.39e+00 5.42e+00 5.44e+00 5.47e+00 5.49e+00 5.51e+00
5.54e+00 5.56e+00 5.58e+00 5.61e+00 5.63e+00 5.65e+00 5.68e+00 5.70e+00 5.72e+00 5.75e+00
5.77e+00 5.79e+00 5.82e+00 5.84e+00 5.86e+00 5.89e+00 5.91e+00 5.93e+00 5.96e+00 5.98e+00
6.00e+00 6.03e+00 6.05e+00 6.08e+00 6.10e+00 6.12e+00 6.15e+00 6.17e+00 6.19e+00 6.22e+00
6.24e+00 6.27e+00 6.29e+00 6.31e+00 6.34e+00 6.36e+00 6.39e+00 6.41e+00 6.43e+00 6.46e+00
6.48e+00 6.50e+00 6.53e+00 6.55e+00 6.58e+00 6.60e+00 6.62e+00 6.65e+00 6.68e+00 6.70e+00
6.72e+00 6.75e+00 6.77e+00 6.79e+00 6.82e+00 6.84e+00 6.87e+00 6.89e+00 6.91e+00 6.94e+00
6.96e+00 6.99e+00 7.01e+00 7.03e+00 7.06e+00 7.08e+00 7.11e+00 7.13e+00 7.15e+00 7.18e+00
7.20e+00 7.23e+00 7.25e+00 7.27e+00 7.30e+00 7.32e+00 7.35e+00 7.37e+00 7.39e+00 7.42e+00
7.44e+00 7.47e+00 7.49e+00 7.51e+00 7.54e+00 7.56e+00 7.58e+00 7.61e+00 7.63e+00 7.66e+00
7.68e+00 7.70e+00 7.73e+00 7.75e+00 7.78e+00 7.80e+00 7.82e+00 7.85e+00 7.87e+00 7.89e+00
7.92e+00 7.94e+00 7.96e+00 7.99e+00 8.01e+00 8.04e+00 8.06e+00 8.08e+00 8.11e+00 8.13e+00
8.15e+00 8.18e+00 8.20e+00 8.23e+00 8.25e+00 8.27e+00 8.30e+00 8.32e+00 8.34e+00 8.37e+00
8.39e+00 8.41e+00 8.44e+00 8.46e+00 8.49e+00 8.51e+00 8.53e+00 8.56e+00 8.58e+00 8.60e+00
8.63e+00 8.65e+00 8.67e+00 8.70e+00 8.72e+00 8.75e+00 8.77e+00 8.79e+00 8.81e+00 8.84e+00
8.86e+00 8.89e+00 8.91e+00 8.93e+00 8.96e+00 8.98e+00 9.00e+00 9.03e+00 9.05e+00 9.07e+00
9.10e+00 9.12e+00 9.14e+00 9.17e+00 9.19e+00 9.21e+00 9.24e+00 9.26e+00 9.28e+00 9.31e+00
9.33e+00 9.36e+00 9.38e+00 9.40e+00 9.43e+00 9.45e+00 9.47e+00 9.50e+00 9.52e+00 9.54e+00
9.57e+00 9.59e+00 9.61e+00 9.64e+00 9.66e+00 9.68e+00 9.71e+00 9.73e+00 9.75e+00 9.78e+00
9.80e+00 9.82e+00 9.85e+00 9.87e+00 9.89e+00 9.92e+00 9.94e+00 9.96e+00 9.99e+00 1.00e+01
1.00e+01 1.01e+01 1.01e+01 1.01e+01 1.01e+01 1.02e+01 1.02e+01 1.02e+01 1.02e+01 1.02e+01
1.03e+01 1.03e+01 1.03e+01 1.03e+01 1.04e+01 1.04e+01 1.04e+01 1.04e+01 1.05e+01 1.05e+01
1.05e+01 1.05e+01 1.05e+01 1.06e+01 1.06e+01 1.06e+01 1.06e+01 1.07e+01 1.07e+01 1.07e+01
1.07e+01 1.08e+01 1.08e+01 1.08e+01 1.08e+01 1.09e+01 1.09e+01 1.09e+01 1.09e+01 1.09e+01
1.10e+01 1.10e+01 1.10e+01 1.10e+01 1.11e+01 1.11e+01 1.11e+01 1.11e+01 1.12e+01 1.12e+01
1.12e+01 1.12e+01 1.12e+01 1.13e+01 1.13e+01 1.13e+01 1.13e+01 1.14e+01 1.14e+01 1.14e+01
1.14e+01 1.15e+01 1.15e+01 1.15e+01 1.15e+01 1.15e+01 1.16e+01 1.16e+01 1.16e+01 1.16e+01
1.17e+01 1.17e+01 1.17e+01 1.17e+01 1.18e+01 1.18e+01 1.18e+01 1.18e+01 1.19e+01 1.19e+01
1.19e+01 1.19e+01 1.19e+01 1.20e+01 1.20e+01 1.20e+01 1.20e+01 1.21e+01 1.21e+01 1.21e+01
1.21e+01 1.22e+01 1.22e+01 1.22e+01 1.22e+01 1.22e+01 1.23e+01 1.23e+01 1.23e+01 1.23e+01
1.24e+01 1.24e+01 1.24e+01 1.24e+01 1.25e+01 1.25e+01 1.25e+01 1.25e+01 1.25e+01 1.26e+01
1.26e+01 1.26e+01 1.26e+01 1.27e+01 1.27e+01 1.27e+01 1.27e+01 1.28e+01 1.28e+01 1.28e+01
1.28e+01 1.28e+01 1.29e+01 1.29e+01 1.29e+01 1.29e+01 1.30e+01 1.30e+01 1.30e+01 1.30e+01
1.31e+01 1.31e+01 1.31e+01 1.31e+01 1.31e+01 1.32e+01 1.32e+01 1.32e+01 1.32e+01 1.33e+01
1.33e+01 1.33e+01 1.33e+01 1.34e+01 1.34e+01 1.34e+01 1.34e+01 1.34e+01 1.35e+01 1.35e+01
1.35e+01 1.35e+01 1.36e+01 1.36e+01 1.36e+01 1.36e+01 1.37e+01 1.37e+01 1.37e+01 1.37e+01
1.37e+01 1.38e+01 1.38e+01 1.38e+01 1.38e+01 1.39e+01 1.39e+01 1.39e+01 1.39e+01 1.40e+01
1.40e+01 1.40e+01 1.40e+01 1.40e+01 1.41e+01 1.41e+01 1.41e+01 1.41e+01 1.42e+01 1.42e+01
1.42e+01 1.42e+01 1.42e+01 1.43e+01 1.43e+01 1.43e+01 1.43e+01 1.43e+01 1.44e+01 1.44e+01
1.44e+01 1.44e+01 1.45e+01 1.45e+01 1.45e+01 1.45e+01 1.45e+01 1.45e+01 1.46e+01 1.46e+01
1.46e+01 1.46e+01 1.46e+01 1.47e+01 1.47e+01 1.47e+01 1.47e+01 1.47e+01 1.47e+01 1.48e+01
1.48e+01 1.48e+01 1.48e+01 1.48e+01 1.48e+01 1.48e+01 1.49e+01 1.49e+01 1.49e+01 1.49e+01
1.49e+01 1.49e+01 1.49e+01 1.49e+01 1.49e+01 1.50e+01 1.50e+01 1.51e+01 1.51e+01 1.51e+01
1.51e+01 1.51e+01 1.51e+01 1.51e+01 1.51e+01 1.51e+01 1.51e+01 1.51e+01 1.51e+01 1.51e+01
1.51e+01 1.51e+01 1.51e+01 1.51e+01 1.51e+01 1.51e+01 1.51e+01 1.51e+01 1.51e+01 1.51e+01
1.51e+01 1.51e+01 1.51e+01 1.51e+01 1.51e+01 1.51e+01 1.51e+01 1.51e+01 1.51e+01 1.51e+01
1.51e+01 1.51e+01 1.51e+01 1.51e+01 1.51e+01 1.51e+01 1.51e+01 1.51e+01 1.51e+01 1.51e+01
1.51e+01 1.51e+01 1.51e+01 1.51e+01 1.51e+01 1.51e+01 1.51e+01 1.51e+01 1.51e+01 1.51e+01
1.51e+01 1.51e+01 1.51e+01 1.51e+01 1.51e+01 1.51e+01 1.51e+01 1.51e+01 1.51e+01 1.51e+01
1.51e+01 1.51e+01 1.51e+01 1.51e+01 1.51e+01 1.51e+01 1.51e+01 1.51e+01 1.51e+01 1.51e+01
1.51e+01 1.51e+01 1.51e+01 1.51e+01 1.51e+01 1.51e+01 1.51e+01 1.51e+01 1.51e+01 1.51e+01
1.51e+01 1.51e+01 1.51e+01 1.51e+01 1.51e+01 1.51e+01 1.51e+01 1.51e+01 1.51e+01 1.51e+01
1.51e+01 1.51e+01 1.51e+01 1.51e+01 1.51e+01 1.51e+01 1.51e+01 1.51e+01 1.51e+01 1.51e+01
1.51e+01 1.51e+01 1.51e+01 1.51e+01 1.51e+01 1.51e+01 1.51e+01 1.51e+01 1.51e+01 1.51e+01
1.51e+01 1.51e+01 1.51e+01 1.51e+01 1.51e+01 1.51e+01 1.51e+01 1.51e+01 1.51e+01 1.51e+01
1.51e+01 1.51e+01 1.51e+01 1.51e+01 1.51e+01 1.51e+01 1.51e+01 1.51e+01 1.51e+01 1.51e+01
1.51e+01 1.51e+01 1.51e+01 1.51e+01 1.51e+01 1.51e+01 1.51e+01 1.51e+01 1.51e+01 1.51e+01
1.51e+01 1.51e+01 1.51e+01 1.51e+01 1.51e+01 1.51e+01 1.51e+01 1.51e+01 7.99e-44
[ R.vdc.u2 ]
1      11       0          95
1      12       0          95
1      13       0          95
1      14       0          79
0.3327 1.02793  -0.0042426 -45.0               z, wbeg, wspac,, wangle (m)
4.953e4                                        Drift velocity (m/s)
TDC Offset Values
   1 1777.6    2 1777.6    3 1777.6    4 1777.6    5 1777.6    6 1777.6    7 1777.6    8 1777.6
   9 1777.6   10 1777.6   11 1777.6   12 1777.6   13 1777.6   14 1777.6   15 1777.6   16 1777.6
  17 1777.6   18 1777.6   19 1777.6   20 1777.6   21 1777.6   22 1777.6   23 1777.6   24 1777.6
  25 1777.6   26 1777.6   27 1777.6   28 1777.6   29 1777.6   30 1777.6   31 1777.6   32 1777.6
  33 1777.6   34 1777.6   35 1777.6   36 1777.6   37 1777.6   38 1777.6   39 1777.6   40 1777.6
  41 1777.6   42 1777.6   43 1777.6   44 1777.6   45 1777.6   46 1777.6   47 1777.6   48 1777.6
  49 1777.6   50 1777.6   51 1777.6   52 1777.6   53 1777.6   54 1777.6   55 1777.6   56 1777.6
  57 1777.6   58 1777.6   59 1777.6   60 1777.6   61 1777.6   62 1777.6   63 1777.6   64 1777.6
  65 1777.6   66 1777.6   67 1777.6   68 1777.6   69 1777.6   70 1777.6   71 1777.6   72 1777.6
  73 1777.6   74 1777.6   75 1777.6   76 1777.6   77 1777.6   78 1777.6   79 1777.6   80 1777.6
  81 1777.6   82 1777.6   83 1777.6   84 1777.6   85 1777.6   86 1777.6   87 1777.6   88 1777.6
  89 1777.6   90 1777.6   91 1777.6   92 1777.6   93 1777.6   94 1777.6   95 1777.6   96 1777.6
  97 1777.6   98 1777.6   99 1777.6  100 1777.6  101 1777.6  102 1777.6  103 1777.6  104 1777.6
 105 1777.6  106 1777.6  107 1777.6  108 1777.6  109 1777.6  110 1777.6  111 1777.6  112 1777.6
 113 1777.6  114 1777.6  115 1777.6  116 1777.6  117 1777.6  118 1777.6  119 1777.6  120 1777.6
 121 1777.6  122 1777.6  123 1777.6  124 1777.6  125 1777.6  126 1777.6  127 1777.6  128 1777.6
 129 1777.6  130 1777.6  131 1777.6  132 1777.6  133 1777.6  134 1777.6  135 1777.6  136 1777.6
 137 1777.6  138 1777.6  139 1777.6  140 1777.6  141 1777.6  142 1777.6  143 1777.6  144 1777.6
 145 1777.6  146 1777.6  147 1777.6  148 1777.6  149 1777.6  150 1777.6  151 1777.6  152 1777.6
 153 1777.6  154 1777.6  155 1777.6  156 1777.6  157 1777.6  158 1777.6  159 1777.6  160 1777.6
 161 1777.6  162 1777.6  163 1777.6  164 1777.6  165 1777.6  166 1777.6  167 1777.6  168 1777.6
 169 1777.6  170 1777.6  171 1777.6  172 1777.6  173 1777.6  174 1777.6  175 1777.6  176 1777.6
 177 1777.1  178 1777.1  179 1777.1  180 1777.1  181 1777.1  182 1777.1  183 1777.1  184 1777.1
 185 1777.1  186 1777.1  187 1777.1  188 1777.1  189 1777.1  190 1777.1  191 1777.1  192 1777.1
 193 1781.3  194 1781.3  195 1781.3  196 1781.3  197 1781.3  198 1781.3  199 1781.3  200 1781.3
 201 1781.3  202 1781.3  203 1781.3  204 1781.3  205 1781.3  206 1781.3  207 1781.3  208 1781.3
 209 1777.5  210 1777.5  211 1777.5  212 1777.5  213 1777.5  214 1777.5  215 1777.5  216 1777.5
 217 1777.5  218 1777.5  219 1777.5  220 1777.5  221 1777.5  222 1777.5  223 1777.5  224 1777.5
 225 1773.6  226 1773.6  227 1773.6  228 1773.6  229 1773.6  230 1773.6  231 1773.6  232 1773.6
 233 1773.6  234 1773.6  235 1773.6  236 1773.6  237 1773.6  238 1773.6  239 1773.6  240 1773.6
 241 1780.7  242 1780.7  243 1780.7  244 1780.7  245 1780.7  246 1780.7  247 1780.7  248 1780.7
 249 1780.7  250 1780.7  251 1780.7  252 1780.7  253 1780.7  254 1780.7  255 1780.7  256 1780.7
 257 1777.3  258 1777.3  259 1777.3  260 1777.3  261 1777.3  262 1777.3  263 1777.3  264 1777.3
 265 1777.3  266 1777.3  267 1777.3  268 1777.3  269 1777.3  270 1777.3  271 1777.3  272 1777.3
 273 1774.0  274 1774.0  275 1774.0  276 1774.0  277 1774.0  278 1774.0  279 1774.0  280 1774.0
 281 1774.0  282 1774.0  283 1774.0  284 1774.0  285 1774.0  286 1774.0  287 1774.0  288 1774.0
 289 1777.6  290 1777.6  291 1777.6  292 1777.6  293 1777.6  294 1777.6  295 1777.6  296 1777.6
 297 1777.6  298 1777.6  299 1777.6  300 1777.6  301 1777.6  302 1777.6  303 1777.6  304 1777.6
 305 1777.6  306 1777.6  307 1777.6  308 1777.6  309 1777.6  310 1777.6  311 1777.6  312 1777.6
 313 1777.6  314 1777.6  315 1777.6  316 1777.6  317 1777.6  318 1777.6  319 1777.6  320 1777.6
 321 1777.6  322 1777.6  323 1777.6  324 1777.6  325 1777.6  326 1777.6  327 1777.6  328 1777.6
 329 1777.6  330 1777.6  331 1777.6  332 1777.6  333 1777.6  334 1777.6  335 1777.6  336 1777.6
 337 1777.6  338 1777.6  339 1777.6  340 1777.6  341 1777.6  342 1777.6  343 1777.6  344 1777.6
 345 1777.6  346 1777.6  347 1777.6  348 1777.6  349 1777.6  350 1777.6  351 1777.6  352 1777.6
 353 1777.6  354 1777.6  355 1777.6  356 1777.6  357 1777.6  358 1777.6  359 1777.6  360 1777.6
 361 1777.6  362 1777.6  363 1777.6  364 1777.6  365 1777.6  366 1777.6  367 1777.6  368 1777.6
TTD Lookup Table
2.800e-08
642
0.00e+00 0.00e+00 0.00e+00 0.00e+00 0.00e+00 0.00e+00 0.00e+00 0.00e+00 0.00e+00 0.00e+00
0.00e+00 0.00e+00 0.00e+00 0.00e+00 0.00e+00 0.00e+00 0.00e+00 0.00e+00 0.00e+00 0.00e+00
0.00e+00 0.00e+00 0.00e+00 0.00e+00 0.00e+00 0.00e+00 0.00e+00 0.00e+00 0.00e+00 0.00e+00
0.00e+00 0.00e+00 0.00e+00 0.00e+00 0.00e+00 0.00e+00 0.00e+00 0.00e+00 0.00e+00 0.00e+00
0.00e+00 0.00e+00 0.00e+00 0.00e+00 0.00e+00 0.00e+00 0.00e+00 0.00e+00 0.00e+00 0.00e+00
0.00e+00 0.00e+00 0.00e+00 0.00e+00 0.00e+00 2.10e-03 4.91e-03 8.89e-03 1.45e-02 2.13e-02
3.02e-02 4.15e-02 5.54e-02 7.13e-02 8.95e-02 1.11e-01 1.35e-01 1.60e-01 1.92e-01 2.23e-01
2.55e-01 2.88e-01 3.23e-01 3.60e-01 3.98e-01 4.36e-01 4.74e-01 5.15e-01 5.55e-01 5.96e-01
6.37e-01 6.81e-01 7.23e-01 7.66e-01 8.09e-01 8.54e-01 8.98e-01 9.43e-01 9.87e-01 1.03e+00
1.08e+00 1.12e+00 1.17e+00 1.22e+00 1.26e+00 1.31e+00 1.35e+00 1.40e+00 1.45e+00 1.50e+00
1.54e+00 1.59e+00 1.64e+00 1.68e+00 1.73e+00 1.78e+00 1.83e+00 1.87e+00 1.92e+00 1.97e+00
2.01e+00 2.06e+00 2.11e+00 2.16e+00 2.20e+00 2.25e+00 2.29e+00 2.34e+00 2.39e+00 2.43e+00
2.47e+00 2.52e+00 2.56e+00 2.61e+00 2.65e+00 2.69e+00 2.73e+00 2.77e+00 2.81e+00 2.85e+00
2.89e+00 2.93e+00 2.96e+00 3.00e+00 3.03e+00 3.07e+00 3.10e+00 3.13e+00 3.16e+00 3.19e+00
3.22e+00 3.25e+00 3.28e+00 3.31e+00 3.33e+00 3.36e+00 3.39e+00 3.42e+00 3.45e+00 3.48e+00
3.51e+00 3.54e+00 3.57e+00 3.60e+00 3.62e+00 3.65e+00 3.68e+00 3.71e+00 3.74e+00 3.77e+00
3.79e+00 3.82e+00 3.85e+00 3.88e+00 3.91e+00 3.94e+00 3.96e+00 3.99e+00 4.02e+00 4.05e+00
4.07e+00 4.10e+00 4.12e+00 4.15e+00 4.18e+00 4.21e+00 4.23e+00 4.26e+00 4.29e+00 4.31e+00
4.34e+00 4.36e+00 4.39e+00 4.42e+00 4.44e+00 4.47e+00 4.49e+00 4.52e+00 4.55e+00 4.57e+00
4.60e+00 4.62e+00 4.65e+00 4.67e+00 4.70e+00 4.72e+00 4.75e+00 4.78e+00 4.80e+00 4.83e+00
4.85e+00 4.88e+00 4.90e+00 4.93e+00 4.95e+00 4.98e+00 5.00e+00 5.03e+00 5.05e+00 5.08e+00
5.10e+00 5.13e+00 5.15e+00 5.18e+00 5.20e+00 5.23e+00 5.25e+00 5.28e+00 5.30e+00 5.33e+00
5.35e+00 5.38e+00 5.40e+00 5.43e+00 5.45e+00 5.48e+00 5.50e+00 5.52e+00 5.55e+00 5.57e+00
5.60e+00 5.62e+00 5.65e+00 5.67e+00 5.69e+00 5.72e+00 5.74e+00 5.77e+00 5.79e+00 5.82e+00
5.84e+00 5.86e+00 5.89e+00 5.91e+00 5.94e+00 5.96e+00 5.99e+00 6.01e+00 6.03e+00 6.06e+00
6.08e+00 6.11e+00 6.13e+00 6.16e+00 6.18e+00 6.21e+00 6.23e+00 6.26e+00 6.28e+00 6.30e+00
6.33e+00 6.35e+00 6.38e+00 6.40e+00 6.43e+00 6.45e+00 6.48e+00 6.50e+00 6.53e+00 6.55e+00
6.58e+00 6.60e+00 6.62e+00 6.65e+00 6.68e+00 6.70e+00 6.72e+00 6.75e+00 6.78e+00 6.80e+00
6.82e+00 6.85e+00 6.87e+00 6.90e+00 6.92e+00 6.95e+00 6.97e+00 7.00e+00 7.02e+00 7.05e+00
7.07e+00 7.10e+00 7.12e+00 7.15e+00 7.17e+00 7.20e+00 7.22e+00 7.25e+00 7.27e+00 7.30e+00
7.32e+00 7.35e+00 7.37e+00 7.40e+00 7.42e+00 7.45e+00 7.47e+00 7.50e+00 7.52e+00 7.55e+00
7.57e+00 7.60e+00 7.62e+00 7.64e+00 7.67e+00 7.69e+00 7.72e+00 7.74e+00 7.77e+00 7.79e+00
7.82e+00 7.84e+00 7.87e+00 7.89e+00 7.92e+00 7.94e+00 7.97e+00 7.99e+00 8.01e+00 8.04e+00
8.06e+00 8.09e+00 8.11e+00 8.14e+00 8.16e+00 8.19e+00 8.21e+00 8.23e+00 8.26e+00 8.28e+00
8.31e+00 8.33e+00 8.36e+00 8.38e+00 8.40e+00 8.43e+00 8.45e+00 8.48e+00 8.51e+00 8.53e+00
8.56e+00 8.58e+00 8.60e+00 8.63e+00 8.65e+00 8.68e+00 8.70e+00 8.73e+00 8.75e+00 8.77e+00
8.80e+00 8.82e+00 8.85e+00 8.87e+00 8.90e+00 8.92e+00 8.94e+00 8.97e+00 8.99e+00 9.02e+00
9.04e+00 9.07e+00 9.09e+00 9.11e+00 9.14e+00 9.16e+00 9.19e+00 9.21e+00 9.24e+00 9.26e+00
9.28e+00 9.31e+00 9.33e+00 9.36e+00 9.38e+00 9.41e+00 9.43e+00 9.45e+00 9.48e+00 9.50e+00
9.53e+00 9.55e+00 9.57e+00 9.60e+00 9.62e+00 9.65e+00 9.67e+00 9.70e+00 9.72e+00 9.75e+00
9.77e+00 9.79e+00 9.82e+00 9.84e+00 9.87e+00 9.89e+00 9.91e+00 9.94e+00 9.96e+00 9.99e+00
1.00e+01 1.00e+01 1.01e+01 1.01e+01 1.01e+01 1.01e+01 1.02e+01 1.02e+01 1.02e+01 1.02e+01
1.03e+01 1.03e+01 1.03e+01 1.03e+01 1.04e+01 1.04e+01 1.04e+01 1.04e+01 1.05e+01 1.05e+01
1.05e+01 1.05e+01 1.05e+01 1.06e+01 1.06e+01 1.06e+01 1.06e+01 1.07e+01 1.07e+01 1.07e+01
1.07e+01 1.08e+01 1.08e+01 1.08e+01 1.08e+01 1.09e+01 1.09e+01 1.09e+01 1.09e+01 1.10e+01
1.10e+01 1.10e+01 1.10e+01 1.11e+01 1.11e+01 1.11e+01 1.11e+01 1.11e+01 1.12e+01 1.12e+01
1.12e+01 1.12e+01 1.13e+01 1.13e+01 1.13e+01 1.13e+01 1.14e+01 1.14e+01 1.14e+01 1.14e+01
1.15e+01 1.15e+01 1.15e+01 1.15e+01 1.16e+01 1.16e+01 1.16e+01 1.16e+01 1.17e+01 1.17e+01
1.17e+01 1.17e+01 1.17e+01 1.18e+01 1.18e+01 1.18e+01 1.18e+01 1.19e+01 1.19e+01 1.19e+01
1.19e+01 1.20e+01 1.20e+01 1.20e+01 1.20e+01 1.21e+01 1.21e+01 1.21e+01 1.21e+01 1.22e+01
1.22e+01 1.22e+01 1.22e+01 1.23e+01 1.23e+01 1.23e+01 1.23e+01 1.24e+01 1.24e+01 1.24e+01
1.24e+01 1.24e+01 1.25e+01 1.25e+01 1.25e+01 1.25e+01 1.26e+01 1.26e+01 1.26e+01 1.26e+01
1.27e+01 1.27e+01 1.27e+01 1.27e+01 1.28e+01 1.28e+01 1.28e+01 1.28e+01 1.29e+01 1.29e+01
1.29e+01 1.29e+01 1.29e+01 1.30e+01 1.30e+01 1.30e+01 1.30e+01 1.31e+01 1.31e+01 1.31e+01
1.31e+01 1.32e+01 1.32e+01 1.32e+01 1.32e+01 1.33e+01 1.33e+01 1.33e+01 1.33e+01 1.34e+01
1.34e+01 1.34e+01 1.34e+01 1.34e+01 1.35e+01 1.35e+01 1.35e+01 1.35e+01 1.36e+01 1.36e+01
1.36e+01 1.36e+01 1.37e+01 1.37e+01 1.37e+01 1.37e+01 1.38e+01 1.38e+01 1.38e+01 1.38e+01
1.39e+01 1.39e+01 1.39e+01 1.39e+01 1.39e+01 1.40e+01 1.40e+01 1.40e+01 1.40e+01 1.41e+01
1.41e+01 1.41e+01 1.41e+01 1.42e+01 1.42e+01 1.42e+01 1.42e+01 1.43e+01 1.43e+01 1.43e+01
1.43e+01 1.43e+01 1.44e+01 1.44e+01 1.44e+01 1.44e+01 1.45e+01 1.45e+01 1.45e+01 1.45e+01
1.45e+01 1.46e+01 1.46e+01 1.46e+01 1.46e+01 1.46e+01 1.47e+01 1.47e+01 1.47e+01 1.47e+01
1.47e+01 1.47e+01 1.48e+01 1.48e+01 1.48e+01 1.48e+01 1.48e+01 1.48e+01 1.48e+01 1.49e+01
1.49e+01 1.49e+01 1.49e+01 1.49e+01 1.49e+01 1.49e+01 1.49e+01 1.50e+01 1.50e+01 1.50e+01
1.50e+01 1.50e+01 1.50e+01 1.50e+01 1.50e+01 1.50e+01 1.50e+01 1.50e+01 1.50e+01 1.50e+01
1.50e+01 1.51e+01 1.51e+01 1.51e+01 1.51e+01 1.51e+01 1.51e+01 1.51e+01 1.51e+01 1.51e+01
1.51e+01 1.51e+01 1.51e+01 1.51e+01 1.51e+01 1.51e+01 1.51e+01 1.51e+01 1.51e+01 1.51e+01
1.51e+01 1.51e+01 1.51e+01 1.51e+01 1.51e+01 1.51e+01 1.51e+01 1.51e+01 1.51e+01 1.51e+01
1.51e+01 1.51e+01 1.51e+01 1.51e+01 1.51e+01 1.51e+01 1.51e+01 1.51e+01 1.51e+01 1.51e+01
1.51e+01 1.51e+01 1.51e+01 1.51e+01 1.51e+01 1.51e+01 1.51e+01 1.51e+01 1.51e+01 1.51e+01
1.51e+01 1.51e+01 1.51e+01 1.51e+01 1.51e+01 1.51e+01 1.51e+01 1.51e+01 1.51e+01 1.51e+01
1.51e+01 1.51e+01 1.51e+01 1.51e+01 1.51e+01 1.51e+01 1.51e+01 1.51e+01 1.51e+01 1.51e+01
1.51e+01 1.51e+01 1.51e+01 1.51e+01 1.51e+01 1.51e+01 1.51e+01 1.51e+01 1.51e+01 1.51e+01
1.51e+01 1.51e+01 1.51e+01 1.51e+01 1.51e+01 1.51e+01 1.51e+01 1.51e+01 1.51e+01 1.51e+01
1.51e+01 1.51e+01 1.51e+01 1.51e+01 1.51e+01 1.51e+01 1.51e+01 1.51e+01 1.51e+01 1.51e+01
1.51e+01 1.51e+01 1.51e+01 1.51e+01 1.51e+01 1.51e+01 1.51e+01 1.51e+01 1.51e+01 1.51e+01
1.51e+01 1.51e+01 1.51e+01 1.51e+01 1.51e+01 1.51e+01 1.51e+01 1.51e+01 1.51e+01 1.51e+01
1.51e+01 1.51e+01 1.51e+01 1.51e+01 1.51e+01 1.51e+01 1.51e+01 1.51e+01 1.51e+01 1.51e+01
1.51e+01 1.51e+01 1.51e+01 1.51e+01 1.51e+01 1.51e+01 1.51e+01 1.51e+01 1.51e+01 1.51e+01
1.51e+01 1.51e+01 1.51e+01 1.51e+01 1.51e+01 1.51e+01 1.51e+01 1.51e+01 1.51e+01 1.51e+01
1.51e+01 1.51e+01 1.51e+01 1.51e+01 1.51e+01 1.51e+01 1.51e+01 1.51e+01 7.99e-44
[ R.vdc.v2 ]
2       3       0         95
2       4       0         95
2       5       0         95
2       6       0         79
0.3587 1.02793 -0.0042426 45.0                 z, wbeg, wspac, wangle (m)   
4.948e4                                        Drift velocity (m/s)
TDC Offset Values
   1 1772.3    2 1772.3    3 1772.3    4 1772.3    5 1772.3    6 1772.3    7 1772.3    8 1772.3
   9 1772.3   10 1772.3   11 1772.3   12 1772.3   13 1772.3   14 1772.3   15 1772.3   16 1772.3
  17 1772.3   18 1772.3   19 1772.3   20 1772.3   21 1772.3   22 1772.3   23 1772.3   24 1772.3
  25 1772.3   26 1772.3   27 1772.3   28 1772.3   29 1772.3   30 1772.3   31 1772.3   32 1772.3
  33 1772.3   34 1772.3   35 1772.3   36 1772.3   37 1772.3   38 1772.3   39 1772.3   40 1772.3
  41 1772.3   42 1772.3   43 1772.3   44 1772.3   45 1772.3   46 1772.3   47 1772.3   48 1772.3
  49 1772.3   50 1772.3   51 1772.3   52 1772.3   53 1772.3   54 1772.3   55 1772.3   56 1772.3
  57 1772.3   58 1772.3   59 1772.3   60 1772.3   61 1772.3   62 1772.3   63 1772.3   64 1772.3
  65 1772.3   66 1772.3   67 1772.3   68 1772.3   69 1772.3   70 1772.3   71 1772.3   72 1772.3
  73 1772.3   74 1772.3   75 1772.3   76 1772.3   77 1772.3   78 1772.3   79 1772.3   80 1772.3
  81 1772.3   82 1772.3   83 1772.3   84 1772.3   85 1772.3   86 1772.3   87 1772.3   88 1772.3
  89 1772.3   90 1772.3   91 1772.3   92 1772.3   93 1772.3   94 1772.3   95 1772.3   96 1772.3
  97 1772.3   98 1772.3   99 1772.3  100 1772.3  101 1772.3  102 1772.3  103 1772.3  104 1772.3
 105 1772.3  106 1772.3  107 1772.3  108 1772.3  109 1772.3  110 1772.3  111 1772.3  112 1772.3
 113 1772.3  114 1772.3  115 1772.3  116 1772.3  117 1772.3  118 1772.3  119 1772.3  120 1772.3
 121 1772.3  122 1772.3  123 1772.3  124 1772.3  125 1772.3  126 1772.3  127 1772.3  128 1772.3
 129 1772.3  130 1772.3  131 1772.3  132 1772.3  133 1772.3  134 1772.3  135 1772.3  136 1772.3
 137 1772.3  138 1772.3  139 1772.3  140 1772.3  141 1772.3  142 1772.3  143 1772.3  144 1772.3
 145 1772.3  146 1772.3  147 1772.3  148 1772.3  149 1772.3  150 1772.3  151 1772.3  152 1772.3
 153 1772.3  154 1772.3  155 1772.3  156 1772.3  157 1772.3  158 1772.3  159 1772.3  160 1772.3
 161 1749.5  162 1749.5  163 1749.5  164 1749.5  165 1749.5  166 1749.5  167 1749.5  168 1749.5
 169 1749.5  170 1749.5  171 1749.5  172 1749.5  173 1749.5  174 1749.5  175 1749.5  176 1749.5
 177 1775.0  178 1775.0  179 1775.0  180 1775.0  181 1775.0  182 1775.0  183 1775.0  184 1775.0
 185 1775.0  186 1775.0  187 1775.0  188 1775.0  189 1775.0  190 1775.0  191 1775.0  192 1775.0
 193 1775.0  194 1775.0  195 1775.0  196 1775.0  197 1775.0  198 1775.0  199 1775.0  200 1775.0
 201 1775.0  202 1775.0  203 1775.0  204 1775.0  205 1775.0  206 1775.0  207 1775.0  208 1775.0
 209 1782.2  210 1782.2  211 1782.2  212 1782.2  213 1782.2  214 1782.2  215 1782.2  216 1782.2
 217 1782.2  218 1782.2  219 1782.2  220 1782.2  221 1782.2  222 1782.2  223 1782.2  224 1782.2
 225 1785.9  226 1785.9  227 1785.9  228 1785.9  229 1785.9  230 1785.9  231 1785.9  232 1785.9
 233 1785.9  234 1785.9  235 1785.9  236 1785.9  237 1785.9  238 1785.9  239 1785.9  240 1785.9
 241 1778.4  242 1778.4  243 1778.4  244 1778.4  245 1778.4  246 1778.4  247 1778.4  248 1778.4
 249 1778.4  250 1778.4  251 1778.4  252 1778.4  253 1778.4  254 1778.4  255 1778.4  256 1778.4
 257 1777.7  258 1777.7  259 1777.7  260 1777.7  261 1777.7  262 1777.7  263 1777.7  264 1777.7
 265 1777.7  266 1777.7  267 1777.7  268 1777.7  269 1777.7  270 1777.7  271 1777.7  272 1777.7
 273 1774.4  274 1774.4  275 1774.4  276 1774.4  277 1774.4  278 1774.4  279 1774.4  280 1774.4
 281 1774.4  282 1774.4  283 1774.4  284 1774.4  285 1774.4  286 1774.4  287 1774.4  288 1774.4
 289 1781.9  290 1781.9  291 1781.9  292 1781.9  293 1781.9  294 1781.9  295 1781.9  296 1781.9
 297 1781.9  298 1781.9  299 1781.9  300 1781.9  301 1781.9  302 1781.9  303 1781.9  304 1781.9
 305 1781.9  306 1781.9  307 1781.9  308 1781.9  309 1781.9  310 1781.9  311 1781.9  312 1781.9
 313 1781.9  314 1781.9  315 1781.9  316 1781.9  317 1781.9  318 1781.9  319 1781.9  320 1781.9
 321 1781.9  322 1781.9  323 1781.9  324 1781.9  325 1781.9  326 1781.9  327 1781.9  328 1781.9
 329 1781.9  330 1781.9  331 1781.9  332 1781.9  333 1781.9  334 1781.9  335 1781.9  336 1781.9
 337 1781.9  338 1781.9  339 1781.9  340 1781.9  341 1781.9  342 1781.9  343 1781.9  344 1781.9
 345 1781.9  346 1781.9  347 1781.9  348 1781.9  349 1781.9  350 1781.9  351 1781.9  352 1781.9
 353 1781.9  354 1781.9  355 1781.9  356 1781.9  357 1781.9  358 1781.9  359 1781.9  360 1781.9
 361 1781.9  362 1781.9  363 1781.9  364 1781.9  365 1781.9  366 1781.9  367 1781.9  368 1781.9
TTD Lookup Table
2.700e-08
644
0.00e+00 0.00e+00 0.00e+00 0.00e+00 0.00e+00 0.00e+00 0.00e+00 0.00e+00 0.00e+00 0.00e+00
0.00e+00 0.00e+00 0.00e+00 0.00e+00 0.00e+00 0.00e+00 0.00e+00 0.00e+00 0.00e+00 0.00e+00
0.00e+00 0.00e+00 0.00e+00 0.00e+00 0.00e+00 0.00e+00 0.00e+00 0.00e+00 0.00e+00 0.00e+00
0.00e+00 0.00e+00 0.00e+00 0.00e+00 0.00e+00 0.00e+00 0.00e+00 0.00e+00 0.00e+00 0.00e+00
0.00e+00 0.00e+00 0.00e+00 0.00e+00 0.00e+00 0.00e+00 0.00e+00 0.00e+00 0.00e+00 0.00e+00
0.00e+00 0.00e+00 0.00e+00 1.92e-03 4.63e-03 8.17e-03 1.25e-02 1.86e-02 2.61e-02 3.54e-02
4.60e-02 5.91e-02 7.44e-02 9.16e-02 1.11e-01 1.34e-01 1.58e-01 1.84e-01 2.14e-01 2.45e-01
2.77e-01 3.11e-01 3.45e-01 3.83e-01 4.20e-01 4.58e-01 4.95e-01 5.36e-01 5.77e-01 6.17e-01
6.58e-01 7.01e-01 7.43e-01 7.85e-01 8.26e-01 8.71e-01 9.14e-01 9.58e-01 1.00e+00 1.05e+00
1.09e+00 1.14e+00 1.18e+00 1.23e+00 1.27e+00 1.32e+00 1.36e+00 1.41e+00 1.46e+00 1.50e+00
1.55e+00 1.59e+00 1.64e+00 1.69e+00 1.73e+00 1.78e+00 1.83e+00 1.87e+00 1.92e+00 1.97e+00
2.01e+00 2.06e+00 2.10e+00 2.15e+00 2.19e+00 2.24e+00 2.28e+00 2.33e+00 2.38e+00 2.42e+00
2.46e+00 2.51e+00 2.55e+00 2.59e+00 2.64e+00 2.68e+00 2.72e+00 2.76e+00 2.80e+00 2.84e+00
2.87e+00 2.91e+00 2.95e+00 2.98e+00 3.01e+00 3.05e+00 3.08e+00 3.11e+00 3.14e+00 3.17e+00
3.20e+00 3.23e+00 3.26e+00 3.29e+00 3.31e+00 3.34e+00 3.37e+00 3.40e+00 3.43e+00 3.45e+00
3.48e+00 3.51e+00 3.54e+00 3.57e+00 3.60e+00 3.62e+00 3.65e+00 3.68e+00 3.71e+00 3.74e+00
3.76e+00 3.79e+00 3.82e+00 3.85e+00 3.87e+00 3.90e+00 3.93e+00 3.96e+00 3.98e+00 4.01e+00
4.04e+00 4.06e+00 4.09e+00 4.11e+00 4.14e+00 4.17e+00 4.19e+00 4.22e+00 4.25e+00 4.27e+00
4.30e+00 4.32e+00 4.35e+00 4.38e+00 4.40e+00 4.43e+00 4.45e+00 4.48e+00 4.50e+00 4.53e+00
4.55e+00 4.58e+00 4.60e+00 4.63e+00 4.65e+00 4.68e+00 4.70e+00 4.73e+00 4.75e+00 4.78e+00
4.80e+00 4.83e+00 4.85e+00 4.88e+00 4.90e+00 4.93e+00 4.95e+00 4.98e+00 5.00e+00 5.03e+00
5.05e+00 5.08e+00 5.10e+00 5.13e+00 5.15e+00 5.18e+00 5.20e+00 5.23e+00 5.25e+00 5.27e+00
5.30e+00 5.32e+00 5.35e+00 5.37e+00 5.39e+00 5.42e+00 5.44e+00 5.47e+00 5.49e+00 5.51e+00
5.54e+00 5.56e+00 5.59e+00 5.61e+00 5.63e+00 5.66e+00 5.68e+00 5.71e+00 5.73e+00 5.75e+00
5.77e+00 5.80e+00 5.82e+00 5.85e+00 5.87e+00 5.89e+00 5.92e+00 5.94e+00 5.96e+00 5.99e+00
6.01e+00 6.04e+00 6.06e+00 6.09e+00 6.11e+00 6.13e+00 6.16e+00 6.18e+00 6.21e+00 6.23e+00
6.25e+00 6.28e+00 6.30e+00 6.33e+00 6.35e+00 6.38e+00 6.40e+00 6.42e+00 6.45e+00 6.47e+00
6.50e+00 6.52e+00 6.54e+00 6.57e+00 6.59e+00 6.62e+00 6.64e+00 6.67e+00 6.69e+00 6.72e+00
6.74e+00 6.77e+00 6.79e+00 6.81e+00 6.84e+00 6.86e+00 6.89e+00 6.91e+00 6.93e+00 6.96e+00
6.98e+00 7.01e+00 7.03e+00 7.06e+00 7.08e+00 7.10e+00 7.13e+00 7.15e+00 7.18e+00 7.20e+00
7.23e+00 7.25e+00 7.28e+00 7.30e+00 7.32e+00 7.35e+00 7.37e+00 7.40e+00 7.42e+00 7.45e+00
7.47e+00 7.49e+00 7.52e+00 7.54e+00 7.57e+00 7.59e+00 7.62e+00 7.64e+00 7.66e+00 7.69e+00
7.71e+00 7.74e+00 7.76e+00 7.79e+00 7.81e+00 7.83e+00 7.86e+00 7.88e+00 7.91e+00 7.93e+00
7.95e+00 7.98e+00 8.00e+00 8.03e+00 8.05e+00 8.08e+00 8.10e+00 8.12e+00 8.15e+00 8.17e+00
8.19e+00 8.22e+00 8.24e+00 8.27e+00 8.29e+00 8.32e+00 8.34e+00 8.36e+00 8.39e+00 8.41e+00
8.43e+00 8.46e+00 8.48e+00 8.51e+00 8.53e+00 8.55e+00 8.58e+00 8.60e+00 8.62e+00 8.65e+00
8.67e+00 8.70e+00 8.72e+00 8.74e+00 8.77e+00 8.79e+00 8.82e+00 8.84e+00 8.86e+00 8.89e+00
8.91e+00 8.93e+00 8.96e+00 8.98e+00 9.01e+00 9.03e+00 9.05e+00 9.08e+00 9.10e+00 9.12e+00
9.15e+00 9.17e+00 9.20e+00 9.22e+00 9.24e+00 9.27e+00 9.29e+00 9.32e+00 9.34e+00 9.36e+00
9.39e+00 9.41e+00 9.43e+00 9.46e+00 9.48e+00 9.51e+00 9.53e+00 9.55e+00 9.58e+00 9.60e+00
9.62e+00 9.65e+00 9.67e+00 9.70e+00 9.72e+00 9.74e+00 9.77e+00 9.79e+00 9.81e+00 9.84e+00
9.86e+00 9.89e+00 9.91e+00 9.93e+00 9.96e+00 9.98e+00 1.00e+01 1.00e+01 1.01e+01 1.01e+01
1.01e+01 1.01e+01 1.01e+01 1.02e+01 1.02e+01 1.02e+01 1.02e+01 1.03e+01 1.03e+01 1.03e+01
1.03e+01 1.04e+01 1.04e+01 1.04e+01 1.04e+01 1.05e+01 1.05e+01 1.05e+01 1.05e+01 1.06e+01
1.06e+01 1.06e+01 1.06e+01 1.06e+01 1.07e+01 1.07e+01 1.07e+01 1.07e+01 1.08e+01 1.08e+01
1.08e+01 1.08e+01 1.09e+01 1.09e+01 1.09e+01 1.09e+01 1.10e+01 1.10e+01 1.10e+01 1.10e+01
1.10e+01 1.11e+01 1.11e+01 1.11e+01 1.11e+01 1.12e+01 1.12e+01 1.12e+01 1.12e+01 1.13e+01
1.13e+01 1.13e+01 1.13e+01 1.14e+01 1.14e+01 1.14e+01 1.14e+01 1.14e+01 1.15e+01 1.15e+01
1.15e+01 1.15e+01 1.16e+01 1.16e+01 1.16e+01 1.16e+01 1.17e+01 1.17e+01 1.17e+01 1.17e+01
1.18e+01 1.18e+01 1.18e+01 1.18e+01 1.19e+01 1.19e+01 1.19e+01 1.19e+01 1.19e+01 1.20e+01
1.20e+01 1.20e+01 1.20e+01 1.21e+01 1.21e+01 1.21e+01 1.21e+01 1.22e+01 1.22e+01 1.22e+01
1.22e+01 1.22e+01 1.23e+01 1.23e+01 1.23e+01 1.23e+01 1.24e+01 1.24e+01 1.24e+01 1.24e+01
1.25e+01 1.25e+01 1.25e+01 1.25e+01 1.26e+01 1.26e+01 1.26e+01 1.26e+01 1.26e+01 1.27e+01
1.27e+01 1.27e+01 1.27e+01 1.28e+01 1.28e+01 1.28e+01 1.28e+01 1.29e+01 1.29e+01 1.29e+01
1.29e+01 1.30e+01 1.30e+01 1.30e+01 1.30e+01 1.30e+01 1.31e+01 1.31e+01 1.31e+01 1.31e+01
1.32e+01 1.32e+01 1.32e+01 1.32e+01 1.33e+01 1.33e+01 1.33e+01 1.33e+01 1.34e+01 1.34e+01
1.34e+01 1.34e+01 1.34e+01 1.35e+01 1.35e+01 1.35e+01 1.35e+01 1.36e+01 1.36e+01 1.36e+01
1.36e+01 1.37e+01 1.37e+01 1.37e+01 1.37e+01 1.37e+01 1.38e+01 1.38e+01 1.38e+01 1.38e+01
1.39e+01 1.39e+01 1.39e+01 1.39e+01 1.40e+01 1.40e+01 1.40e+01 1.40e+01 1.41e+01 1.41e+01
1.41e+01 1.41e+01 1.41e+01 1.42e+01 1.42e+01 1.42e+01 1.42e+01 1.43e+01 1.43e+01 1.43e+01
1.43e+01 1.43e+01 1.44e+01 1.44e+01 1.44e+01 1.44e+01 1.45e+01 1.45e+01 1.45e+01 1.45e+01
1.45e+01 1.46e+01 1.46e+01 1.46e+01 1.46e+01 1.46e+01 1.46e+01 1.47e+01 1.47e+01 1.47e+01
1.47e+01 1.47e+01 1.48e+01 1.48e+01 1.48e+01 1.48e+01 1.48e+01 1.48e+01 1.48e+01 1.49e+01
1.49e+01 1.49e+01 1.49e+01 1.49e+01 1.49e+01 1.49e+01 1.49e+01 1.49e+01 1.50e+01 1.50e+01
1.50e+01 1.50e+01 1.50e+01 1.50e+01 1.51e+01 1.51e+01 1.51e+01 1.51e+01 1.51e+01 1.51e+01
1.51e+01 1.51e+01 1.51e+01 1.51e+01 1.51e+01 1.51e+01 1.51e+01 1.51e+01 1.51e+01 1.51e+01
1.51e+01 1.51e+01 1.51e+01 1.51e+01 1.51e+01 1.51e+01 1.51e+01 1.51e+01 1.51e+01 1.51e+01
1.51e+01 1.51e+01 1.51e+01 1.51e+01 1.51e+01 1.51e+01 1.51e+01 1.51e+01 1.51e+01 1.51e+01
1.51e+01 1.51e+01 1.51e+01 1.51e+01 1.51e+01 1.51e+01 1.51e+01 1.51e+01 1.51e+01 1.51e+01
1.51e+01 1.51e+01 1.51e+01 1.51e+01 1.51e+01 1.51e+01 1.51e+01 1.51e+01 1.51e+01 1.51e+01
1.51e+01 1.51e+01 1.51e+01 1.51e+01 1.51e+01 1.51e+01 1.51e+01 1.51e+01 1.51e+01 1.51e+01
1.51e+01 1.51e+01 1.51e+01 1.51e+01 1.51e+01 1.51e+01 1.51e+01 1.51e+01 1.51e+01 1.51e+01
1.51e+01 1.51e+01 1.51e+01 1.51e+01 1.51e+01 1.51e+01 1.51e+01 1.51e+01 1.51e+01 1.51e+01
1.51e+01 1.51e+01 1.51e+01 1.51e+01 1.51e+01 1.51e+01 1.51e+01 1.51e+01 1.51e+01 1.51e+01
1.51e+01 1.51e+01 1.51e+01 1.51e+01 1.51e+01 1.51e+01 1.51e+01 1.51e+01 1.51e+01 1.51e+01
1.51e+01 1.51e+01 1.51e+01 1.51e+01 1.51e+01 1.51e+01 1.51e+01 1.51e+01 1.51e+01 1.51e+01
1.51e+01 1.51e+01 1.51e+01 1.51e+01 1.51e+01 1.51e+01 1.51e+01 1.51e+01 1.51e+01 1.51e+01
1.51e+01 1.51e+01 1.51e+01 1.51e+01 1.51e+01 1.51e+01 1.51e+01 1.51e+01 1.51e+01 1.51e+01
1.51e+01 1.51e+01 1.51e+01 1.51e+01 1.51e+01 1.51e+01 1.51e+01 1.51e+01 1.51e+01 1.51e+01
1.51e+01 1.51e+01 1.51e+01 1.51e+01 1.51e+01 1.51e+01 1.51e+01 1.51e+01 7.99e-44
[ R.global ]
0.3348 1                     Plane Spacing, TTD Converter
matrix elements
t 0 0 0 -1.0046E+00 -3.3492E-01 -4.0787E-02  0.0000E+00  0.0000E+00  0.0000E+00   0.0000E+00
y 0 0 0 -5.1574E-03  2.6424E-04  2.2346E-03  0.0000E+00  0.0000E+00  0.0000E+00   0.0000E+00
p 0 0 0 -7.4355E-04 -2.1302E-03  1.1950E-03  0.0000E+00  0.0000E+00  0.0000E+00   0.0000E+00
D 0 0 0 0.000000 0.083713 0.012361 0.001595 -0.003987 0.000000 0.000000
D 0 0 1 -0.002668 -0.000849 0.000867 0.000324 0.000000 0.000000 0.000000
D 0 0 2 0.059531 0.333811 -1.239648 -0.015491 0.000974 0.002719 0.000508
D 0 0 3 0.568324 0.585239 -0.365174 -0.518608 -0.007599 0.163697 0.046443
D 0 0 4 -0.619002 -1.883369 -0.335935 0.620989 0.206289 0.000000 0.000000
D 0 0 5 -14.703207 -49.413435 -17.433513 28.586522 17.600243 -2.293214 -3.378648
D 0 0 6 2.525663 14.035256 19.743738 1.377822 0.924144 -1.054325 0.225890
D 0 1 0 -0.001616 0.001474 -0.000299 -0.000440 0.000000 0.000000 0.000000
D 0 1 1 0.501147 -0.099329 0.881284 0.021124 0.005727 -0.004633 -0.001381
D 0 1 2 1.106582 -0.531465 -0.933467 0.436105 0.504654 -0.177708 -0.172630
D 0 1 3 -3.412232 5.044009 3.980397 -2.097634 -1.091514 0.000000 0.000000
D 0 1 4 -89.797689 74.855050 176.943520 -42.803190 -100.399970 -5.879196 17.437380
D 0 1 5 27.342540 14.232149 -164.127314 0.000000 0.000000 0.000000 0.000000
D 0 1 6 1376.585253 1451.198771 -7776.847029 -3293.742741 2676.184413 1107.285212 0.000000
D 0 2 0 0.306899 -0.333560 -0.325348 0.002613 -0.005844 0.001276 0.000938
D 0 2 1 0.570302 -0.472631 0.177779 0.635444 -0.338994 -0.155452 0.138718
D 0 2 2 -1.096482 -5.120244 -7.832409 3.750411 2.462110 0.000000 0.000000
D 0 2 3 -75.048267 -12.464731 -233.136171 -9.324685 203.440710 36.268768 -40.815147
D 0 2 4 59.411054 -213.078338 609.093453 15.556931 -7.480023 -9.189419 3.765550
D 0 2 5 3642.858818 -9514.120561 19207.638965 16536.027878 -8729.002584 -4721.031604 0.000000
D 0 3 0 0.108060 -0.512192 0.368950 -0.115514 -0.111900 0.107480 -0.005713
D 0 3 1 0.780238 -2.331915 7.586130 -2.683646 -2.397251 0.000000 0.000000
D 0 3 2 2.716250 -108.450543 108.234383 147.630419 -183.662877 -71.864431 47.428653
D 0 3 3 -35.614242 510.094850 -1191.308410 0.000000 0.000000 0.000000 0.000000
D 0 3 4 42.166131 15942.366131 -25189.875408 -41928.358987 16924.893550 11529.932453 0.000000
D 0 3 6 -32070.819617 119472.280778 -817757.954586 1817682.231509 0.000000 0.000000 0.000000
D 0 4 0 0.202506 2.643204 -2.547566 0.625339 0.806145 0.000000 0.000000
D 0 4 1 15.970064 20.699364 99.571913 -167.508586 46.482262 62.624759 -24.501443
D 0 4 2 -11.589637 -288.502542 1355.089219 -36.775778 -64.953263 -4.464079 20.923745
D 0 4 3 -1528.267758 1517.215914 11808.115256 58531.742106 -21402.461619 -17073.150666 0.000000
D 0 4 5 38648.964201 -523240.350416 2181916.803064 -4044648.049341 0.000000 0.000000 0.000000
D 0 5 0 2.887412 35.449721 -70.793501 49.554554 7.087347 -18.544410 4.326601
D 0 5 1 3.567402 -3.112447 -753.256292 0.000000 0.000000 0.000000 0.000000
D 0 5 2 -137.058426 -8234.385018 10462.305661 -48239.731405 16494.452000 14870.370691 0.000000
D 0 5 4 5466.631861 412647.088022 -2962703.408239 6028950.637500 0.000000 0.000000 0.000000
D 0 6 0 0.467975 25.841424 153.294032 -20.227837 28.585166 78.040908 38.755127
D 0 6 1 140.387679 899.478138 -13655.919308 21787.521256 -6615.399436 -6809.989258 0.000000
D 0 6 3 -7123.452578 -17951.907792 1919999.101354 -5920766.593760 0.000000 0.000000 0.000000
D 1 0 0 -0.039634 0.261324 0.021572 0.129800 0.000000 0.000000 0.000000
D 1 0 1 0.023971 0.003858 -0.015149 -0.009356 -0.000930 0.002961 0.000895
D 1 0 2 -12.695445 -13.334139 0.311827 -0.107383 -0.135484 0.118673 0.077677
D 1 0 3 -14.318157 -10.100667 12.628844 10.975190 -2.919851 -3.881736 -0.140920
D 1 0 4 29.324502 26.557977 -8.731932 -7.292457 16.433943 -0.928521 -4.260122
D 1 0 5 766.496304 1097.166971 -186.276102 -803.530982 -152.516397 144.530310 44.541382
D 1 0 6 -195.321888 -520.041636 27.961314 -51.641851 -143.618720 -105.151255 0.000000
D 1 1 0 0.015086 -0.002262 0.009566 -0.001473 0.003680 -0.001596 -0.001217
D 1 1 1 -31.742941 -44.931046 -0.238674 -0.431188 0.322074 0.102531 -0.129988
D 1 1 2 -18.495348 3.622090 13.417075 -13.679900 -3.539219 8.176583 1.501460
D 1 1 3 -127.469545 -103.357062 59.404627 57.325594 -41.006749 -14.070662 14.143739
D 1 1 4 -1776.812040 -4232.597982 -351.603917 3885.068895 1250.297520 -841.138757 -320.224129
D 1 1 5 542.685648 6215.365540 -306.600063 -273.817886 453.868008 832.907893 0.000000
D 1 1 6 6858.930043 279905.262255 161721.153187 -95758.657313 -73915.726028 0.000000 0.000000
D 1 2 0 -8.615208 19.134717 -0.253290 0.135612 0.034788 -0.137791 0.007461
D 1 2 1 -24.956528 15.450870 -8.484204 -5.321470 9.295969 -3.198407 -2.545565
D 1 2 2 166.981640 203.647168 -144.670674 -117.371381 90.124813 17.322927 -27.913297
D 1 2 3 2717.927892 6957.531318 1981.595086 -7583.931485 -3769.375960 2022.197139 942.459135
D 1 2 4 5319.631172 -25742.390914 1008.005384 688.300681 -1271.732753 -2880.553324 0.000000
D 1 2 5 231477.592423 -898049.631819 -805760.243008 330984.908054 340205.671482 0.000000 0.000000
D 1 3 0 -2.440381 6.187052 -7.210249 4.603383 -2.385436 -1.069261 1.114287
D 1 3 1 130.013150 -128.264614 27.292073 117.657266 -17.256436 -31.202079 21.303014
D 1 3 2 5368.753935 157.099580 -5306.828351 3846.056727 5308.088174 -2129.165158 -1330.156749
D 1 3 3 -12666.653445 53540.447512 -1253.443403 -2103.525125 1230.001310 6045.612737 0.000000
D 1 3 4 -449448.659768 1297538.922927 1963023.790873 -629785.016816 -852827.156488 0.000000 0.000000
D 1 3 6 -2650799.291028 34199245.365102 -114390882.715693 0.000000 0.000000 0.000000 0.000000
D 1 4 0 -8.481435 -34.474948 7.606281 76.207764 50.085531 -5.926986 2.565526
D 1 4 1 1428.715560 -4152.221701 1651.404442 1967.099759 -3050.803287 878.082705 854.315799
D 1 4 2 2703.571485 -53529.486008 592.538513 -2259.285524 -4067.348581 -5185.327397 0.000000
D 1 4 3 -222709.397744 -654747.322509 -2496614.710525 730389.391580 1229173.917570 0.000000 0.000000
D 1 4 5 14002414.540667 -99370836.651721 260783531.890421 0.000000 0.000000 0.000000 0.000000
D 1 5 0 -198.673298 -376.066214 481.036186 -841.744510 466.029996 -122.573483 -184.057969
D 1 5 1 1035.837211 19890.787008 -1053.618563 -418.614238 2430.278807 3822.600257 0.000000
D 1 5 2 126832.114514 -571319.060059 1653618.343280 -439044.311446 -968785.941486 0.000000 0.000000
D 1 5 4 -5629914.205091 124154310.129289 -377536187.249035 0.000000 0.000000 0.000000 0.000000
D 1 6 0 -56.418767 -1107.124400 -1002.532625 1003.847043 6115.144492 3766.063267 0.000000
D 1 6 1 24492.623211 479765.492691 -409953.141301 108393.015385 359546.660530 0.000000 0.000000
D 1 6 3 -1821284.593451 -56200094.169455 335288854.316960 0.000000 0.000000 0.000000 0.000000
D 2 0 0 -1.106656 0.886573 -1.913241 0.001524 -0.000390 0.000535 0.000452
D 2 0 1 -0.087642 -0.309161 0.038889 0.052702 -0.009625 0.001728 0.026654
D 2 0 2 -18.655640 -2.551857 19.093738 -6.563909 -1.054291 -1.248538 -1.006369
D 2 0 3 155.685582 273.212143 -36.531826 -188.161907 -32.272757 31.718823 8.286456
D 2 0 4 -160.919614 -84.696807 -196.472842 -251.228186 -81.035861 79.850079 42.404959
D 2 0 5 -10430.268592 -12401.785189 -3799.074848 4182.242666 2511.198657 47.584332 0.000000
D 2 0 6 4882.605346 3869.909132 783.964618 -1723.684598 4191.173158 0.000000 0.000000
D 2 1 0 -0.367597 -0.044238 0.011006 0.027822 0.026072 0.044768 -0.003435
D 2 1 1 12.355861 7.578301 -3.213968 2.604110 -0.898600 1.537677 1.277134
D 2 1 2 474.843299 352.362705 -295.536014 -70.048798 56.336121 -21.609478 -2.872717
D 2 1 3 902.951710 -452.220456 395.859124 1071.154903 452.523719 -386.513204 -288.783345
D 2 1 4 39000.232910 12571.034950 -14105.560365 -12859.940156 -2501.854894 2823.432958 0.000000
D 2 1 5 -52091.703527 8812.821624 1749.773209 -22374.259662 -31366.151381 0.000000 0.000000
D 2 1 6 -2495906.865717 -2932109.939951 693033.693867 695130.500951 0.000000 0.000000 0.000000
D 2 2 0 -5.291638 41.547467 39.939993 -23.403841 10.724669 5.949346 -2.131143
D 2 2 1 417.857719 -160.279212 -137.511342 196.806634 28.339311 -5.794168 -21.386667
D 2 2 2 -1537.972610 -723.225183 -1314.067136 -245.459488 -1228.581104 718.441374 693.354479
D 2 2 3 -50809.557896 -49624.456115 60510.891940 39369.778184 -5823.992483 -13598.112004 0.000000
D 2 2 4 287748.489637 -38917.859452 -67567.772741 41813.303878 146449.200053 0.000000 0.000000
D 2 2 5 9713487.790987 14025798.123007 -3850895.691129 -4917264.501726 0.000000 0.000000 0.000000
D 2 3 0 106.615485 -168.114251 140.582390 -15.111619 -1.495164 -3.656836 11.127847
D 2 3 1 -882.961581 -1243.755610 -1349.031927 -83.845906 632.710453 -468.965313 -577.077114
D 2 3 2 -96391.695844 -29380.837017 -45848.010893 -24097.215863 18546.597438 24186.700235 0.000000
D 2 3 3 -624475.415270 66134.096459 69247.414746 -105391.287957 -268228.092417 0.000000 0.000000
D 2 3 4 -16848076.519864 -30864297.054914 9217815.259322 14936203.390010 0.000000 0.000000 0.000000
D 2 3 6 -346100740.116418 2396348680.684217 0.000000 0.000000 0.000000 0.000000 0.000000
D 2 4 0 -48.505319 -140.341594 5580.854169 5459.140033 -1342.243741 317.640641 391.168207
D 2 4 1 -22981.839230 28870.096347 15880.579267 -7820.949184 -16546.336068 -17715.032183 0.000000
D 2 4 2 507096.006413 -94333.356344 -82707.298762 175289.146241 347714.461392 0.000000 0.000000
D 2 4 3 8203254.567163 33589986.319748 -10872901.605266 -22690793.562582 0.000000 0.000000 0.000000
D 2 4 5 1183588548.609815 -5663677964.909297 0.000000 0.000000 0.000000 0.000000 0.000000
D 2 5 0 4052.180408 17337.427030 -11515.785545 5791.923802 5223.922453 3674.940298 0.000000
D 2 5 1 -61321.806642 28040.576816 7536.298696 -68997.001845 -100953.063921 0.000000 0.000000
D 2 5 2 10319964.050638 -10525910.360073 8180806.585630 16750878.348311 0.000000 0.000000 0.000000
D 2 5 4 -1268693724.848541 7909165619.275818 0.000000 0.000000 0.000000 0.000000 0.000000
D 2 6 0 1386.480512 -9237.516045 -2427.517592 172115.524213 185836.173660 0.000000 0.000000
D 2 6 1 -1898755.971592 -2723865.908931 -4453185.377952 -4863140.247210 0.000000 0.000000 0.000000
D 2 6 3 247279607.320882 -6078102594.283278 0.000000 0.000000 0.000000 0.000000 0.000000
D 3 0 0 15.796554 -1.060846 3.063405 1.828254 -1.085558 0.221805 0.118437
D 3 0 1 -1.480105 0.238671 0.018592 -0.613572 -0.875815 -0.245808 -0.162470
D 3 0 2 9.294853 -80.552239 70.129750 -16.107932 -84.998228 22.979339 18.198979
D 3 0 3 -101.683067 -2867.182490 -865.079963 2173.652482 666.102965 -394.943198 -120.827238
D 3 0 4 -12148.665745 -13960.495518 16017.273234 -1584.311535 -445.054426 1347.302612 0.000000
D 3 0 5 53836.741374 130795.660941 63969.880362 -41378.774544 -35719.417810 0.000000 0.000000
D 3 0 6 4906.351668 1935.625543 -11385.342846 -18025.224836 0.000000 0.000000 0.000000
D 3 1 0 -8.762409 0.132421 -0.586180 -1.004109 -0.110328 -0.060685 -0.099063
D 3 1 1 189.389768 13.700045 -87.463909 -149.628593 -21.407111 27.227421 -0.642750
D 3 1 2 1562.141720 -2686.361581 45.493974 -1362.300744 -1271.814829 812.084611 309.241603
D 3 1 3 -3849.254835 -19922.235574 -3557.987827 -4684.674639 1176.103811 -30.084627 0.000000
D 3 1 4 -396026.411076 -867314.916819 -253224.873061 302933.133944 227982.803573 0.000000 0.000000
D 3 1 5 -72918.681874 -28767.457526 169210.087089 267892.667399 0.000000 0.000000 0.000000
D 3 1 6 20301637.879808 12284728.355990 21430518.057618 0.000000 0.000000 0.000000 0.000000
D 3 2 0 357.244650 2142.583087 -935.173378 58.289799 147.739961 -30.359899 -16.742113
D 3 2 1 1931.135612 -4643.893197 -2387.476152 64.959136 1949.308529 -306.289347 -217.755596
D 3 2 2 -40754.987456 86624.824387 61402.172839 -3966.212627 -1955.691316 696.091394 0.000000
D 3 2 3 -1063422.769388 1140429.856701 1236508.254525 -478916.671068 -535874.703414 0.000000 0.000000
D 3 2 4 295633.966733 -641508.388763 -1783637.290715 -777623.948374 0.000000 0.000000 0.000000
D 3 2 5 -79197555.947572 17607939.030737 -82266395.939406 0.000000 0.000000 0.000000 0.000000
D 3 3 0 569.256203 -2406.741209 732.535738 1077.697124 -1226.523874 -142.110805 49.098282
D 3 3 1 34585.434180 -35009.140081 1542.105722 8552.892353 8660.223877 4545.993126 0.000000
D 3 3 2 1421671.772072 1212619.088089 -1913365.031335 6335.900511 536668.828727 0.000000 0.000000
D 3 3 3 -838525.326064 -330810.172128 1945824.304607 3080620.500935 0.000000 0.000000 0.000000
D 3 3 4 194271227.966954 -145626277.135591 157714320.207103 0.000000 0.000000 0.000000 0.000000
D 3 3 6 -16599039663.578794 0.000000 0.000000 0.000000 0.000000 0.000000 0.000000
D 3 4 0 573.067425 50010.681826 126932.398361 -31524.515803 -10749.783295 2090.944903 0.000000
D 3 4 1 1062041.783066 -1127720.234748 1387522.810061 248465.060419 -266442.393065 0.000000 0.000000
D 3 4 2 599854.361266 -133807.421672 1192796.386039 944335.085174 0.000000 0.000000 0.000000
D 3 4 3 -129193490.495682 307185089.183423 -176787831.832849 0.000000 0.000000 0.000000 0.000000
D 3 4 5 41677838347.283272 0.000000 0.000000 0.000000 0.000000 0.000000 0.000000
D 3 5 0 -55788.070741 325766.253810 -443652.019280 -63699.122016 96574.713630 0.000000 0.000000
D 3 5 1 -86672.018655 -34193.344576 201125.136221 318420.433144 0.000000 0.000000 0.000000
D 3 5 2 -82578298.289086 -336385631.135397 139589573.264317 0.000000 0.000000 0.000000 0.000000
D 3 5 4 -55456797253.450958 0.000000 0.000000 0.000000 0.000000 0.000000 0.000000
D 3 6 0 8269.205642 122892.936939 921373.532275 2348438.941423 0.000000 0.000000 0.000000
D 3 6 1 21681011.117275 123575296.445283 -93749490.695147 0.000000 0.000000 0.000000 0.000000
D 3 6 3 33807287475.705582 0.000000 0.000000 0.000000 0.000000 0.000000 0.000000
D 4 0 0 60.081064 -51.250745 -40.388505 32.847575 -9.280286 -5.367946 1.770395
D 4 0 1 1.183389 0.638793 -2.703704 -5.259470 -1.348045 1.032726 3.186518
D 4 0 2 23541.697251 -9312.847862 -1208.433299 4584.017341 -612.287300 -168.690032 34.362472
D 4 0 3 -11136.869857 17067.301809 35329.186845 -3756.990616 -10761.902849 -755.781781 0.000000
D 4 0 4 -2077.455252 -19543.348072 45133.833049 8964.762598 -22152.586052 0.000000 0.000000
D 4 0 5 491509.723215 -542210.327968 -652372.813472 -310527.801561 0.000000 0.000000 0.000000
D 4 0 6 -3223595.974821 -4745572.950433 3050223.473015 0.000000 0.000000 0.000000 0.000000
D 4 1 0 6.973882 2.846095 -16.568829 -26.740924 0.265683 3.224323 2.875551
D 4 1 1 -1635.258887 975.958126 208.889096 -952.357922 123.974450 385.068306 277.293664
D 4 1 2 -78647.575194 47568.656138 80171.618599 -3037.362389 -9345.956420 -6326.552690 0.000000
D 4 1 3 -26389.761419 -30781.953053 6089.279379 91741.650020 102415.923344 0.000000 0.000000
D 4 1 4 1320063.461944 6038692.121411 -986590.566054 -1859631.011871 0.000000 0.000000 0.000000
D 4 1 6 -63700396.184969 -200751771.684983 0.000000 0.000000 0.000000 0.000000 0.000000
D 4 2 0 2584.929823 -719.920812 -9934.462613 1838.291127 341.505150 -396.196472 -68.694348
D 4 2 1 -61814.867522 85885.093127 -38966.412445 -36029.811574 18902.723712 15900.144974 0.000000
D 4 2 2 -130939.040484 2615381.831932 -336956.618955 -230673.134913 -82012.984028 0.000000 0.000000
D 4 2 3 -9768101.551605 -18306024.508715 3679264.975838 11507904.817117 0.000000 0.000000 0.000000
D 4 2 4 -3469270.219872 11376654.019081 16948944.314815 0.000000 0.000000 0.000000 0.000000
D 4 2 5 243330747.913870 1745502172.632011 0.000000 0.000000 0.000000 0.000000 0.000000
D 4 3 0 -11054.782940 22970.603480 -31300.641018 25473.042572 1162.197481 -7980.721165 0.000000
D 4 3 1 892646.508254 -25737.518192 -133462.476966 -77636.940608 166732.659497 0.000000 0.000000
D 4 3 2 19070180.147374 24940986.495630 -7181166.408115 -22905774.123273 0.000000 0.000000 0.000000
D 4 3 4 1475484151.277576 -5751303374.823559 0.000000 0.000000 0.000000 0.000000 0.000000
D 4 4 0 -39105.488029 125230.503792 -267235.664846 -384713.942130 124911.827586 0.000000 0.000000
D 4 4 1 13399075.537851 -23432413.303336 -2117390.045996 17403791.959095 0.000000 0.000000 0.000000
D 4 4 2 1181483.337936 18018064.967454 68695565.723897 0.000000 0.000000 0.000000 0.000000
D 4 4 3 -5166482071.212787 9284825721.578476 0.000000 0.000000 0.000000 0.000000 0.000000
D 4 5 0 -1233424.061205 -322895.844473 869449.411076 -3913916.283095 0.000000 0.000000 0.000000
D 4 5 2 3570280282.821871 -7993356856.810221 0.000000 0.000000 0.000000 0.000000 0.000000
D 4 6 1 -233359852.721836 3124403280.308283 0.000000 0.000000 0.000000 0.000000 0.000000
D 5 0 0 -3375.493183 3738.606541 -1539.093146 -72.824952 387.789847 -96.645368 -2.871550
D 5 0 1 0.791304 0.624362 -3.549334 -7.263127 1.967254 13.492209 10.680403
D 5 0 2 71099.254413 -44200.894010 -49212.943678 18302.395940 -1479.632928 -7526.517116 0.000000
D 5 0 3 103935.680949 157503.722137 -183748.222013 -62271.214103 67011.832680 0.000000 0.000000
D 5 0 4 12959388.212991 -1971079.933956 -1722067.167669 1232038.491513 0.000000 0.000000 0.000000
D 5 0 5 -4998822.928354 -460183.350782 3817210.983290 0.000000 0.000000 0.000000 0.000000
D 5 1 0 4.688131 3.699069 -21.028242 -43.030832 11.655113 79.935406 63.276692
D 5 1 1 9024.286400 27220.514990 7610.589253 7093.893133 -7125.922614 -4142.890833 0.000000
D 5 1 2 930990.363963 1155579.944426 -343956.227494 -323469.879775 -152341.761916 0.000000 0.000000
D 5 1 3 -26281.399489 -10368.386044 60986.811363 96554.052145 0.000000 0.000000 0.000000
D 5 1 4 -1930352.759522 -35854025.219867 -65339251.758854 0.000000 0.000000 0.000000 0.000000
D 5 1 6 -859368530.159025 0.000000 0.000000 0.000000 0.000000 0.000000 0.000000
D 5 2 0 -27255.916222 -315645.910913 355887.358053 -64527.374379 -2795.265432 18630.006344 0.000000
D 5 2 1 2009817.570976 764394.801007 -773735.084134 -145521.601713 -11481.082402 0.000000 0.000000
D 5 2 2 1047673.418413 -971210.583748 -4241448.250889 2539400.079197 0.000000 0.000000 0.000000
D 5 2 3 113917791.307720 -112359827.958217 79799250.708275 0.000000 0.000000 0.000000 0.000000
D 5 2 4 87439604.731343 666743418.290864 0.000000 0.000000 0.000000 0.000000 0.000000
D 5 2 5 -965431727.203972 0.000000 0.000000 0.000000 0.000000 0.000000 0.000000
D 5 3 0 894238.177242 -767728.762925 208623.783770 200102.269367 149502.390059 0.000000 0.000000
D 5 3 1 1164242.849123 459310.369462 -2701662.027220 -4277259.466821 0.000000 0.000000 0.000000
D 5 3 2 -313486658.307190 185929790.316983 83140429.956739 0.000000 0.000000 0.000000 0.000000
D 5 3 4 28006743881.192875 0.000000 0.000000 0.000000 0.000000 0.000000 0.000000
D 5 4 0 -349106.911695 -3152193.757451 -6700351.202898 9967846.074258 0.000000 0.000000 0.000000
D 5 4 1 -61918758.584919 -153994305.115009 -139514535.015443 0.000000 0.000000 0.000000 0.000000
D 5 4 3 -83765744246.711853 0.000000 0.000000 0.000000 0.000000 0.000000 0.000000
D 5 5 0 14124192.703441 98222174.314129 24498086.468788 0.000000 0.000000 0.000000 0.000000
D 5 5 2 78834275833.211853 0.000000 0.000000 0.000000 0.000000 0.000000 0.000000
D 5 6 1 -10005471881.024559 0.000000 0.000000 0.000000 0.000000 0.000000 0.000000
D 6 0 0 6176.680218 4833.888530 6500.038992 -6226.356029 1827.524881 348.080681 -320.153301
D 6 0 2 -3830419.068438 3176022.974263 -504007.432333 -296994.265389 172178.357832 0.000000 0.000000
D 6 0 3 126025.007933 -1479676.954100 396451.637738 1526995.602769 0.000000 0.000000 0.000000
D 6 0 4 15907561.210806 -13590440.795234 -11320216.116343 0.000000 0.000000 0.000000 0.000000
D 6 0 5 11481195.003355 54806611.496185 0.000000 0.000000 0.000000 0.000000 0.000000
D 6 0 6 2157086274.539260 0.000000 0.000000 0.000000 0.000000 0.000000 0.000000
D 6 1 1 149062.814647 43640.095044 -22491.798395 -145502.058312 -137084.686122 0.000000 0.000000
D 6 1 2 1996373.179147 -9030564.521009 1786999.879895 3493216.959681 0.000000 0.000000 0.000000
D 6 1 4 -24422238.227347 -195973277.630090 0.000000 0.000000 0.000000 0.000000 0.000000
D 6 2 0 508512.377880 1879552.485895 216057.923972 -221746.536388 -139452.709482 0.000000 0.000000
D 6 2 1 8236949.431004 -3096603.248401 -948010.903161 -6586075.659300 0.000000 0.000000 0.000000
D 6 2 2 -33936712.958840 -177576721.268608 159057796.457805 0.000000 0.000000 0.000000 0.000000
D 6 2 3 -1092661986.201443 -2159551398.499477 0.000000 0.000000 0.000000 0.000000 0.000000
D 6 3 0 4923739.797157 -9845788.389306 -4745670.582296 2278678.756793 0.000000 0.000000 0.000000
D 6 3 2 -2289269428.429944 5063376665.697185 0.000000 0.000000 0.000000 0.000000 0.000000
D 6 4 0 1001016.119742 15265872.060870 58202571.662625 0.000000 0.000000 0.000000 0.000000
D 6 4 1 5518896346.893657 -2270792653.677692 0.000000 0.000000 0.000000 0.000000 0.000000
D 6 5 0 -278936374.640288 1227567923.211422 0.000000 0.000000 0.000000 0.000000 0.000000
P 0 0 1 -0.653610 -0.142353 0.224743 0.070779 0.000000 0.000000 0.000000
P 0 0 3 4.589700 13.653536 0.000000 0.000000 0.000000 0.000000 0.000000
P 0 1 0 -0.318338 0.379815 -0.071420 -0.119494 0.000000 0.000000 0.000000
P 0 1 2 27.226000 -59.994000 0.000000 0.000000 0.000000 0.000000 0.000000
P 0 2 1 -6.635000 99.351000 0.000000 0.000000 0.000000 0.000000 0.000000
P 0 3 0 -6.634146 -41.691865 0.000000 0.000000 0.000000 0.000000 0.000000
P 1 0 0 -0.020602 -0.006374 0.042709 0.072196 0.000000 0.000000 0.000000
P 1 0 1 5.125681 0.883936 -2.220693 0.000000 0.000000 0.000000 0.000000
P 1 0 3 -196.056082 0.000000 0.000000 0.000000 0.000000 0.000000 0.000000
P 1 1 0 3.925162 -0.339783 3.243837 0.000000 0.000000 0.000000 0.000000
P 1 1 2 1465.077416 0.000000 0.000000 0.000000 0.000000 0.000000 0.000000
P 1 2 1 -2147.085640 0.000000 0.000000 0.000000 0.000000 0.000000 0.000000
P 1 3 0 18.117640 0.000000 0.000000 0.000000 0.000000 0.000000 0.000000
P 2 0 1 -33.556184 -77.531756 0.000000 0.000000 0.000000 0.000000 0.000000
P 2 1 0 -98.202680 -8.013802 0.000000 0.000000 0.000000 0.000000 0.000000
P 3 0 1 -495.929680 0.000000 0.000000 0.000000 0.000000 0.000000 0.000000
P 3 1 0 -2089.000000 0.000000 0.000000 0.000000 0.000000 0.000000 0.000000
T 1 0 0 -2.3551E+00  5.6775E-01 -4.4475E-02 -1.3842E-01  0.0000E+00  0.0000E+00   0.0000E+00
T 2 0 0 -4.2266E+00  1.0975E+00  3.2612E+00  0.0000E+00  0.0000E+00  0.0000E+00   0.0000E+00
T 0 0 2  6.3757E-01  9.3859E-01 -6.0328E-01  0.0000E+00  0.0000E+00  0.0000E+00   0.0000E+00
T 0 2 0  6.8616E-01 -2.2501E+00 -3.3522E+00  0.0000E+00  0.0000E+00  0.0000E+00   0.0000E+00
T 1 2 0 -1.7294E+01 -1.3187E+02  0.0000E+00  0.0000E+00  0.0000E+00  0.0000E+00   0.0000E+00
T 3 0 0  2.0535E+02 -1.2510E+02  0.0000E+00  0.0000E+00  0.0000E+00  0.0000E+00   0.0000E+00
T 2 0 2 -1.2799E+03  0.0000E+00  0.0000E+00  0.0000E+00  0.0000E+00  0.0000E+00   0.0000E+00
T 4 0 0 -1.0844E+03  0.0000E+00  0.0000E+00  0.0000E+00  0.0000E+00  0.0000E+00   0.0000E+00
Y 0 0 1  7.7008E-01 -1.1589E+00 -5.1395E-01  9.0376E-02  0.0000E+00  0.0000E+00   0.0000E+00
Y 0 1 0 -1.1900E+00 -8.2703E-01  4.4801E-02  3.7573E-01  0.0000E+00  0.0000E+00   0.0000E+00
Y 1 0 0  5.5759E-02 -1.5466E-02 -2.0478E-02 -1.3026E-01  0.0000E+00  0.0000E+00   0.0000E+00
Y 1 0 1 -8.8422E-01 -6.8824E+00 -2.4681E+00  0.0000E+00  0.0000E+00  0.0000E+00   0.0000E+00
Y 1 1 0 -1.5262E+01 -8.1789E-01 -7.0008E+00  0.0000E+00  0.0000E+00  0.0000E+00   0.0000E+00
Y 1 1 2  1.8638E+02  0.0000E+00  0.0000E+00  0.0000E+00  0.0000E+00  0.0000E+00   0.0000E+00
Y 1 2 1 -2.4127E+03  0.0000E+00  0.0000E+00  0.0000E+00  0.0000E+00  0.0000E+00   0.0000E+00
Y 1 0 3 -4.8588E+01  0.0000E+00  0.0000E+00  0.0000E+00  0.0000E+00  0.0000E+00   0.0000E+00
Y 1 3 0  2.8977E+03  0.0000E+00  0.0000E+00  0.0000E+00  0.0000E+00  0.0000E+00   0.0000E+00
Y 0 0 3  2.0750E+01  3.1933E+01  0.0000E+00  0.0000E+00  0.0000E+00  0.0000E+00   0.0000E+00
Y 2 1 0  3.2760E+02 -3.2782E+01  0.0000E+00  0.0000E+00  0.0000E+00  0.0000E+00   0.0000E+00
Y 0 3 0  7.8142E+01 -6.1781E+00  0.0000E+00  0.0000E+00  0.0000E+00  0.0000E+00   0.0000E+00
Y 2 0 1  3.5838E+02  1.6117E+02  0.0000E+00  0.0000E+00  0.0000E+00  0.0000E+00   0.0000E+00
Y 3 0 1  3.0626E+03  0.0000E+00  0.0000E+00  0.0000E+00  0.0000E+00  0.0000E+00   0.0000E+00
Y 3 1 0  5.9710E+03  0.0000E+00  0.0000E+00  0.0000E+00  0.0000E+00  0.0000E+00   0.0000E+00
L 0 0 0 0  25.00
L 1 0 0 0  1.234E-01
L 2 0 0 0  5.034E-01
L 0 1 0 0 -1.025E+01
L 0 2 0 0  3.248E+01
L 0 0 1 0 -1.238E+00
L 0 0 2 0 -4.672E+00
L 0 0 0 1  1.066E+00
L 0 0 0 2  2.013E+01
XF 1 0 0 0 0 -2.1700E+00
XF 0 1 0 0 0 -2.0300E-01
XF 0 0 0 0 1  1.1890E+01
TF 1 0 0 0 0 -1.0100E-01
TF 0 1 0 0 0 -4.6900E-01
TF 0 0 0 0 1  1.9630E+00
PF 0 0 1 0 0  3.4200E-01
PF 0 0 0 1 0 -0.9680E+00
YF 0 0 1 0 0 -5.9500E-01
YF 0 0 0 1 0 -1.2410E+00