l########################### RIGHT SHOWER DETECTOR ##############################
Number of columns (x-stripes) and rows (y-stripes)
       5     16
Crate, Slot, First, Last ADC channels of blocks
       1      23       0      47
       1      24       0      31
      -1      0        0      0
Translation table from ADC hardware channel to logical channel number (historical)
 1 2 3 4 5 6 7 8 9 10 11 12 13 14 15 16 17 18 19 20 21 22 23 24
  25 26 27 28 29 30 31 32 33 34 35 36 37 38 39 40 41 42 43 44 45 46 47 48
 49 50 51 52 53 54 55 56 57 58 59 60 61 62 63 64 65 66 67 68 69 70 71 72 73
  74 75 76 77 78 79 80
x,y,z coords (in cm) of Shower front plane in spectrom cs
     0.0     0.0   3.725                          - Meters
Half of X, half of Y, full Z sizes (in cm) of Shower
    1.20   0.375   0.35                           - Meters
Rotation angle of the Shower plane
     0.0                                          - Degrees
x,y position of the center of block 1
   -1.10    -0.30                                 - Meters
dx and dy block spacing
    0.15    0.15                                  - Meters
Energy threshold for clusters to be considered
    10.0                                          - MeV
[config=20193]
ADC pedestals
  447.  347.  337.  299.  465.  393.
  436.  436.  473.  446.  434.  411.
  578.  476.  389.  640.  411.  549.
  321.  487.  525.  708.  655.  601.
  453.  484.  398.  313.  522.  431.
  589.  584.  311.  484.  380.  365.
  612.  464.  550.  633.  501.  453.
  457.  336.  508.  542.  411.  532.
  639.  482.  331.  394.  371.  452.
  441.  379.  365.  519.  473.  336.
  518.  579.  396.  554.  404.  303.
  380.  476.  486.  568   515.  556.
  350.  385.  311.  410.  512.  605.
  594.  494.
Energy calibration coefficients
    0.82000    1.08688    0.80317    0.85291    1.08581
    0.82000    0.82000    1.08510    0.86102    0.85477
    1.13164    1.49000    0.82000    0.82124    0.97673
    0.90353    0.91614    0.71985    0.68308    0.90955
    0.78435    1.03458    0.88275    0.88564    0.80152
    0.91674    0.76513    0.67265    0.71215    0.54481
    1.32800    0.86850    0.59283    0.63314    0.59495
    1.03957    0.91738    0.97245    0.91800    0.80819
    0.86461    1.12701    0.93752    1.07066    0.95751
    0.85632    0.87923    1.24900    0.34619    0.60731
    0.63804    0.69387    0.75413    0.72878    0.83558
    0.96203    0.67640    0.63163    0.61844    0.83697
    1.54500    0.84296    0.94960    1.09277    0.81744
    1.09800    1.27900    0.92452    0.88351    1.25415
    0.81698    1.27600    1.23700    1.05322    0.90122
    1.27900    0.92452    0.88351    1.25415    0.81698
[config=20643]
ADC pedestals
  447.  347.  337.  299.  465.  393.
  436.  436.  473.  446.  434.  411.
  578.  476.  389.  640.  411.  549.
  321.  487.  525.  708.  655.  601.
  453.  484.  398.  313.  522.  431.
  589.  584.  311.  484.  380.  365.
  612.  464.  550.  633.  501.  453.
  457.  336.  508.  542.  411.  532.
  639.  482.  331.  394.  371.  452.
  441.  379.  365.  519.  473.  336.
  518.  579.  396.  554.  404.  303.
  380.  476.  486.  568   515.  556.
  350.  385.  311.  410.  512.  605.
  594.  494.
Energy calibration coefficients
    0.82000    1.08688    0.80317    0.85291    1.08581
    0.82000    0.82000    1.08510    0.86102    0.85477
    1.13164    1.49000    0.82000    0.82124    0.97673
    0.90353    0.91614    0.78249    0.69750    0.96428
    0.82303    1.03620    0.95973    0.92908    0.81116
    0.95142    0.73914    0.78639    0.72728    1.27400
    1.32800    0.86850    0.61231    0.65755    0.62348
    1.10264    0.97798    1.09128    0.93943    0.82385
    0.92656    1.21383    0.97910    1.12877    1.27616
    0.85632    0.87923    1.24900    0.42629    0.57172
    0.69157    0.75284    0.82444    0.79873    0.89874
    0.54107    0.70444    0.67816    0.65791    0.96238
    1.54500    0.84296    0.94960    1.09277    0.81744
    1.09800    1.27900    0.92452    0.88351    1.25415
    0.81698    1.27600    1.23700    1.05322    0.90122
    1.27900    0.92452    0.88351    1.25415    0.81698
[config=20948]
ADC pedestals
  447.  347.  337.  299.  465.  393.
  436.  436.  473.  446.  434.  411.
  578.  476.  389.  640.  411.  549.
  321.  487.  525.  708.  655.  601.
  453.  484.  398.  313.  522.  431.
  589.  584.  311.  484.  380.  365.
  612.  464.  550.  633.  501.  453.
  457.  336.  508.  542.  411.  532.
  639.  482.  331.  394.  371.  452.
  441.  379.  365.  519.  473.  336.
  518.  579.  396.  554.  404.  303.
  380.  476.  486.  568   515.  556.
  350.  385.  311.  410.  512.  605.
  594.  494.
Energy calibration coefficients
    0.82000    1.08688    0.80317    0.85291    1.08581
    0.82000    0.82000    1.08510    0.86102    0.85477
    1.13164    1.49000    0.82000    0.82124    0.97673
    0.90353    0.91614    0.67862    0.65739    0.87728
    0.73834    0.96465    0.84429    0.84648    0.75055
    0.86791    0.74514    0.64282    0.66575    0.80874
    1.32800    0.86850    0.55560    0.60461    0.56621
    0.98113    0.85290    0.95220    0.85339    0.76826
    0.81019    1.06309    0.87654    1.00677    0.90589
    0.85632    0.87923    1.24900    0.36749    0.59368
    0.62298    0.65344    0.70935    0.69515    0.79235
    0.50135    0.63350    0.61248    0.58268    0.82455
    1.54500    0.84296    0.94960    1.09277    0.81744
    1.09800    1.27900    0.92452    0.88351    1.25415
    0.81698    1.27600    1.23700    1.05322    0.90122
    1.27900    0.92452    0.88351    1.25415    0.81698
