########################### RIGHT SHOWER DETECTOR ##############################
Number of columns (x-stripes) and rows (y-stripes)
       5     16
Crate, Slot, First, Last ADC channels of blocks
       1      25       32     40
       1      23       16     16
       1      25       42     47
       1      24       16     17
       1      23       17     17
       1      24       19     31
       1      25       16     16
       1      23       18     18
       1      25       18     19
       1      23       23     23
       1      23       19     19
       1      25       22     23
       1      23       20     20
       1      25       25     31
       1      23       21     21
       1      25       1      6 
       1      23       22     22
       1      25       8      15
       1      24       0      15 
      -1      0        0      0
Translation table from ADC hardware channel to logical channel number (historical)
 1 2 3 4 5 6 7 8 9 10 11 12 13 14 15 16 17 18 19 20 21 22 23 24
  25 26 27 28 29 30 31 32 33 34 35 36 37 38 39 40 41 42 43 44 45 46 47 48
 49 50 51 52 53 54 55 56 57 58 59 60 61 62 63 64 65 66 67 68 69 70 71 72 73
  74 75 76 77 78 79 80
x,y,z coords (in cm) of Shower front plane in spectrom cs
     0.0     0.0   3.725                          - Meters
Half of X, half of Y, full Z sizes (in cm) of Shower
    1.20   0.375   0.35                           - Meters
Rotation angle of the Shower plane
     0.0                                          - Degrees
x,y position of the center of block 1
   -1.10    -0.30                                 - Meters
dx and dy block spacing
    0.15    0.15                                  - Meters
Energy threshold for clusters to be considered
    30.0                                          - MeV
ADC pedestals
503 434 295 323 434 549 446 462 
473 410 442 330 546 584 568 493 
354 361 561 301 400 477 456 466 
340 315 269 283 424 406 429 421 
617 334 489 446 552 525 464 595 
505 449 477 368 407 480 602 625 
678 453 414 386 602 384 436 662 
415 451 408 722 487 568 521 425 
319 327 296 358 395 402 482 381 
382 344 317 313 437 382 394 409
Energy calibration coefficients
    2.41979    0.83022    0.23536    2.20919    2.33683    1.34864
    0.73552    0.32503    0.48890    0.73490    0.94837    1.56463
    0.73795    0.92487    1.63000    3.71140    0.08860    0.18735
    0.17339    0.49217    0.54241    5.17211    0.84655    0.55633
    2.38586    0.56093    7.49646    0.45474    0.27776    1.95558
    0.45355    0.35654    0.59791    4.92249    2.15349    0.78634
    0.48010    1.12893    0.49768    0.63181    5.88466    1.08451
    0.53251    0.76880    0.44165    0.56107    0.58446    0.56007
    0.19749    4.04441    0.44664    1.20007    0.53558    0.68711
    0.52009    0.45784    0.46849    3.53228    0.64234    0.94360
    3.20974    0.67994    1.11136    0.15205    0.68361    3.67303
    2.25363    0.82712    0.87630    4.15160    0.27471    1.09444
    0.70199    1.89969    1.47719    1.18045    6.02675    0.82725
    0.80476    1.11773                                            
