########################### RIGHT SHOWER DETECTOR ##############################
Number of columns (x-stripes) and rows (y-stripes)
       5     16
Crate, Slot, First, Last ADC channels of blocks
       1      25       32     40
       1      23       16     16
       1      25       42     47
       1      24       16     17
       1      23       17     17
       1      24       19     31
       1      25       16     16
       1      23       18     18
       1      25       18     19
       1      23       23     23
       1      23       19     19
       1      25       22     23
       1      23       20     20
       1      25       25     31
       1      23       21     21
       1      25       1      6 
       1      23       22     22
       1      25       8      15
       1      24       0      15 
      -1      0        0      0
Translation table from ADC hardware channel to logical channel number (historical)
 1 2 3 4 5 6 7 8 9 10 11 12 13 14 15 16 17 18 19 20 21 22 23 24
  25 26 27 28 29 30 31 32 33 34 35 36 37 38 39 40 41 42 43 44 45 46 47 48
 49 50 51 52 53 54 55 56 57 58 59 60 61 62 63 64 65 66 67 68 69 70 71 72 73
  74 75 76 77 78 79 80
x,y,z coords (in cm) of Shower front plane in spectrom cs
     0.0     0.0   3.725                          - Meters
Half of X, half of Y, full Z sizes (in cm) of Shower
    1.20   0.375   0.35                           - Meters
Rotation angle of the Shower plane
     0.0                                          - Degrees
x,y position of the center of block 1
   -1.10    -0.30                                 - Meters
dx and dy block spacing
    0.15    0.15                                  - Meters
Energy threshold for clusters to be considered
    30.0                                          - MeV
ADC pedestals
504 436 296 324 436 550 447 463 
474 411 442 330 547 585 569 494 
355 362 562 301 402 478 457 467 
341 315 270 284 424 407 430 421 
618 336 489 447 553 518 465 595 
506 449 478 369 408 481 603 625 
679 454 415 387 603 385 438 663 
415 452 408 723 488 569 522 426 
320 328 296 359 395 403 483 381 
382 344 318 313 438 382 394 409
Energy calibration coefficients
1.000000   1.000000   1.000000   1.000000   1.000000   1.000000 
1.000000   1.000000   1.000000   1.000000   1.000000   1.000000 
1.000000   1.000000   1.000000   1.000000   1.658620   1.213731 
0.876742   1.108796   0.730840   0.921882   1.214159   1.537082 
1.210519   1.053775   0.982766   0.943738   0.763485   0.698127 
1.853383   1.000000   0.966200   0.705723   1.001539   0.899233 
0.890187   0.684232   0.918234   1.047406   0.909301   0.984518 
0.746458   0.743325   0.722902   0.894354   0.232491   1.000000 
1.454003   2.294594   1.763725   1.343794   1.287036   1.408092 
1.106017   1.074934   1.152314   1.113545   1.042231   0.789082 
1.243899   0.962436   0.166785   1.000000   1.000000   1.000000 
1.000000   1.000000   1.000000   1.000000   1.000000   1.000000 
1.000000   1.000000   1.000000   1.000000   1.000000   1.000000 
1.000000   1.000000
